Sample_id,Class_1,Class_2,Class_3,Class_4,Class_5,Class_6,Class_7,Class_8,Class_9,Class_10
1, 0.187441910984, 0.06999458792, 0.228288527773, 0.0321340523498, 0.0141176740748, 0.145211918381, 0.316723515952, 0.000550559694786, 0.00501293215986, 0.000524320711456
2, 0.420956107072, 0.0213869433118, 0.0607509089271, 0.142373871169, 0.0432481030232, 0.132070330055, 0.0487325443199, 0.019146871676, 0.0295415859532, 0.0817927344928
3, 0.604152191481, 0.229971257631, 0.00243190857026, 0.000141306444032, 0.0240550972575, 0.0240349312083, 0.0391549105061, 0.0658678300584, 2.85359569869e-11, 0.0101905668151
4, 0.983438518362, 0.0145484792306, 0.000204321511582, 4.52681138778e-06, 0.000125002333812, 0.000125676768621, 0.000519673070557, 0.000526849717888, 1.70167327114e-08, 0.000506935176877
5, 0.861260405404, 0.0199379236877, 0.000869138598495, 0.00352232956609, 0.0014408706492, 0.107320791799, 0.00254851919254, 0.00307098846598, 5.6878316118e-06, 2.33448049343e-05
6, 0.570017772083, 0.00633921141851, 0.00185928481961, 0.0520965211389, 0.0902456795567, 0.247829050317, 0.0182058901145, 0.0127887880132, 1.331499829e-09, 0.00061780120706
7, 0.185079694686, 0.0379887318019, 0.00746152256561, 0.0555533488121, 0.15711766006, 0.190312871342, 0.0569626210259, 0.00122484439011, 0.284584645715, 0.023714059602
8, 0.949283511935, 0.0105555756682, 0.00129440648792, 0.0047017775465, 0.0153342857911, 0.000560783019836, 0.0121783981653, 0.00572087279134, 3.86818947926e-08, 0.000370349913245
9, 0.959044160723, 0.000301915993544, 0.00641185613061, 0.000634839909584, 0.0230701715198, 0.000781444621555, 0.00865918858124, 0.00109636209521, 5.72882259905e-08, 3.13730575273e-09
10, 0.304942020914, 0.588556292331, 0.00304761199461, 0.0210735055379, 0.00137056049867, 0.0011177778916, 0.0155733416665, 0.0597214682804, 0.000402946133036, 0.0041944747521
11, 0.828585876005, 0.0192145502939, 0.0346387523639, 0.000179078513035, 0.0129976364048, 0.0905828754913, 0.00810442898597, 0.00569568899888, 4.98537470408e-09, 1.10795761525e-06
12, 0.130570559196, 0.201054630035, 0.0200330394164, 0.360033257621, 0.128001431015, 0.0154860038849, 0.00337617596352, 0.0339814017232, 1.75763743011e-14, 0.107463501145
13, 0.969643498496, 0.00910129115617, 0.00875135650087, 0.000203502532784, 0.00195172312071, 0.00754378198437, 0.00262669337257, 0.000165695513821, 1.01117705187e-11, 1.24573125572e-05
14, 0.337517562074, 0.00143551827575, 0.0358002088514, 0.0278094766196, 0.0048340876318, 0.000269379982596, 0.00122550746642, 0.443795882814, 0.135183007669, 0.0121293686156
15, 0.270972682289, 0.16135042714, 0.00361754301244, 0.542134330016, 0.00186223135123, 0.0150452541626, 0.00401669241768, 0.000976361217569, 1.4881283602e-08, 2.44635121295e-05
16, 0.750100915019, 0.0574331542999, 0.00395040652244, 0.00511059925491, 0.0228428857763, 0.0173035045246, 0.0111498535023, 0.127825323037, 1.59875681386e-06, 0.00428175930673
17, 0.216031611906, 0.0486625694034, 0.00554523599755, 0.0986120915522, 0.0397511773549, 0.214132126791, 0.0149109600863, 0.0276284433609, 0.298020002237, 0.0367057813104
18, 0.987040680067, 0.000941590864811, 0.00054922754893, 1.05359844634e-05, 0.0054274016453, 0.00527969007248, 0.000747233348091, 1.51638424144e-06, 3.66936039816e-13, 2.12408476055e-06
19, 0.14136647279, 0.0769830127904, 0.21943283364, 0.0017891387403, 0.00887522769944, 0.516762150304, 0.0298327575939, 0.0048378610986, 2.31747032482e-05, 9.73706407828e-05
20, 0.197872097182, 0.744220972284, 0.00201005291072, 0.0238121420582, 0.00183857702145, 0.0127126954233, 0.0174943140807, 1.37765504421e-05, 8.29500600012e-08, 2.52895393531e-05
21, 0.422945813055, 0.395900395852, 0.0861441742423, 0.000862237137218, 0.000265779747426, 0.0448115893599, 0.0488638413587, 8.33711060152e-08, 1.87685220379e-06, 0.000204209024982
22, 0.516735106581, 0.001594271659, 0.049559161282, 0.00384827516932, 0.133900273734, 0.011058610354, 0.0484618933809, 0.104483508662, 7.87835053733e-07, 0.130358111343
23, 0.934972996804, 0.00244068899435, 0.00451395967527, 0.0448649450969, 0.00637124093048, 0.00112676777763, 0.00420816018445, 0.00133130769289, 1.75748731045e-07, 0.00016975709526
24, 0.60679774332, 0.153703111828, 0.00105877372362, 0.0166106735914, 0.00681464481931, 0.102364979935, 0.111864066141, 0.000655227319829, 2.84058473343e-07, 0.000130495264585
25, 0.767980944906, 0.115516301454, 0.0151614807462, 8.10099603514e-05, 0.00188204786925, 0.00067387204464, 0.0791759360876, 0.0189873713256, 4.90082401082e-08, 0.000540986598328
26, 0.27413995758, 0.0750601587244, 0.0458710617595, 0.253371476902, 0.14075452592, 0.0776238424182, 0.0761063044186, 0.00709997752543, 0.011138220477, 0.0388344742745
27, 0.0773496501143, 0.540801046525, 0.186899785645, 0.005076370398, 0.0273760171124, 0.107542995896, 0.0541721941841, 1.05833743874e-05, 0.000453636075451, 0.000317720674387
28, 0.188740497844, 0.0038323059531, 0.0168297397479, 0.0394019515355, 0.0214627281461, 0.0512357617364, 0.00276023653645, 0.626727638672, 0.0159413841324, 0.0330677556966
29, 0.328735588203, 0.014955816136, 0.0141995380789, 0.0204470416428, 0.0697775705101, 0.0902143533128, 0.0204074597683, 0.432837047338, 0.00668814518366, 0.00173743982566
30, 0.805298908918, 0.07766552986, 0.00400303791303, 0.00568837160564, 0.0189461182902, 0.0507397009591, 0.010326884977, 0.0272980880256, 5.20316988582e-08, 3.33074201206e-05
31, 0.221527962211, 0.125707907767, 0.00154173802809, 0.556874633889, 0.00322048686149, 0.0608864192054, 0.0129838041959, 0.00699325572528, 2.33607318986e-07, 0.0102635585095
32, 0.968046071318, 0.0231107499942, 0.00106127392131, 0.00172864450384, 0.00247708189314, 0.000972186421427, 0.00101439293386, 0.000183999509883, 2.37006387544e-08, 0.00140557580414
33, 0.867729697252, 0.039478504103, 0.00198378932218, 0.00018617462058, 0.00512970992744, 0.00697630208932, 0.023747650754, 0.0455879284966, 5.54466812225e-09, 0.0091802378904
34, 0.18816731008, 0.0324187831328, 0.0233435981915, 0.158893427252, 0.276295045768, 0.0622986786271, 0.0178026501581, 0.121146671997, 0.0963819096609, 0.0232519251335
35, 0.453626243067, 0.301765835291, 0.162040478398, 0.0467851527688, 0.0145098784423, 0.00177290114318, 0.000202138909563, 0.0148954085316, 0.00366807727957, 0.000733886169393
36, 0.0453808076693, 0.171197404378, 0.0810777954393, 0.00458466329149, 0.0395112379268, 0.657378985719, 3.72036839211e-05, 0.000116054789189, 3.82971630299e-17, 0.000715847102813
37, 0.612398010798, 0.0836447442855, 0.000314260932194, 0.297103680415, 0.000542359068414, 0.00161926715437, 0.00365666005657, 0.000477723171459, 6.72417483574e-16, 0.000243294118246
38, 0.94876437446, 0.000384668307117, 0.00314144888145, 7.26134809137e-05, 0.0345920571432, 0.00999073768776, 0.00267118727812, 0.000298354130415, 7.94303937998e-05, 5.12823766368e-06
39, 0.974605501304, 0.00135605299196, 0.0058574860816, 3.89488424607e-05, 0.000883091939857, 0.000109892919576, 2.42963735861e-05, 0.0170674635532, 2.13631714091e-14, 5.72659941018e-05
40, 0.28522921329, 0.479777270433, 0.0450015571147, 0.121381998662, 0.015516374204, 0.0208353274103, 0.0288952484318, 0.000136476509684, 9.55234752895e-07, 0.00322557871005
41, 0.833749247875, 0.0127009855306, 0.0102394531908, 0.000288286203119, 0.0305602035946, 0.01953989919, 0.0212368496299, 0.0664585904034, 7.77091553856e-07, 0.00522570729074
42, 0.502574429824, 0.378994642625, 0.00459935006935, 0.00139109677252, 0.0256734042096, 0.0553082369607, 0.00839762622053, 0.0096539397234, 0.00696526026156, 0.00644201333366
43, 0.239614741337, 0.000496782685628, 0.734168160089, 0.00372547002306, 0.00116078326963, 0.00161885988943, 0.0159818120528, 0.00315554193299, 2.1159576522e-10, 7.78485092505e-05
44, 0.194698620786, 0.0660196199311, 0.108395314387, 0.0129233562934, 0.0273280815896, 0.0183581658967, 0.0147344435749, 0.505961836525, 7.87005072055e-05, 0.0515018605089
45, 0.81698868462, 0.0306798218857, 0.0279123475335, 0.00207541845833, 0.00489484490082, 0.0547228263764, 0.0472376090293, 0.00127201716816, 0.000286483142957, 0.0139299468851
46, 0.312294179284, 0.622089753017, 0.0265585352567, 0.00234241180981, 0.0330285168618, 0.00150190403329, 0.00178044114499, 0.000136524823575, 3.84829845549e-06, 0.000263885470743
47, 0.520959610463, 0.378095294527, 0.00789725241715, 0.0108177637012, 0.0411860850653, 0.0154510293496, 0.0212256779812, 4.00025383533e-05, 0.00431802966875, 9.2542888116e-06
48, 0.904806068011, 0.0121356813696, 0.000434686282879, 0.000291559461676, 0.00417963676756, 0.00153938037722, 0.0761774086523, 0.000389112888235, 1.88595220372e-11, 4.64661703141e-05
49, 0.422135104972, 0.000776323704264, 0.00120664516181, 0.21031049898, 0.0319224908946, 0.0550835837524, 0.0163052150416, 0.18773721873, 8.68721343012e-09, 0.0745229100759
50, 0.640550961864, 0.160708132353, 0.00403642867002, 0.0258200807722, 0.0178129834407, 0.0686141061193, 0.0411237674913, 0.0319303642262, 2.68468065248e-06, 0.00940049038173
51, 0.0178387839345, 0.578194025771, 0.402008423329, 4.63211777696e-06, 0.000242121181901, 0.000896584364049, 0.000815429070948, 5.0044965557e-14, 2.30998761325e-10, 2.90081991566e-14
52, 0.166317320085, 0.0958117577023, 0.678496807845, 0.000309508829724, 0.0322614789401, 0.0108819070269, 0.015886961092, 3.30114715172e-05, 1.24547639352e-06, 1.53153635298e-09
53, 0.252976015771, 0.325508583789, 0.00714464111004, 0.253528349201, 0.00716289171112, 0.0353107613176, 0.0477129281783, 0.000868006228997, 3.41174807806e-08, 0.0697877885752
54, 0.619068930491, 0.236707170871, 0.00036604779391, 0.0117019516672, 0.0557696736798, 0.0123956937417, 0.00746264503151, 0.0537088520929, 4.16691794563e-08, 0.00281899296219
55, 0.0255661374225, 0.0108905954854, 0.954394901235, 0.000383195929266, 0.0030308513712, 0.00564731021338, 3.86274249838e-05, 1.42514889745e-07, 4.82379410133e-05, 4.62844015872e-10
56, 0.0214789447231, 0.182002964204, 0.29019313038, 0.0381190118833, 0.00244474172076, 0.103157309621, 0.0425164433232, 0.000141077390651, 0.317346736249, 0.002599640504
57, 0.217940703522, 0.0397842154451, 0.00804711712918, 0.0128920755893, 0.0840437829599, 0.100022004112, 0.00969611133646, 0.00413335301191, 0.349095250863, 0.174345386032
58, 0.986455034388, 0.00729336506564, 0.001916202515, 1.91309505662e-05, 0.000414679417682, 2.10465511031e-05, 0.0029751991834, 0.000532031963644, 1.30646031655e-11, 0.000373309951929
59, 0.0034623967845, 0.017498134514, 0.748200206763, 0.000255709897873, 0.109333296612, 0.117750733676, 1.2340809857e-05, 3.16227969447e-09, 0.00348717573937, 2.04121798556e-09
60, 0.217860053803, 0.591685475468, 0.0188743750348, 0.00130287603939, 0.0229790686487, 0.143884884086, 0.00303637709294, 0.000353528759716, 3.47926595448e-07, 2.30131409061e-05
61, 0.777659428661, 0.00836107005299, 0.000496399252485, 0.0867248565467, 0.0138882312424, 0.0350724085511, 0.0613078030062, 0.00199193691314, 2.30528027998e-08, 0.0144978427216
62, 0.789948595537, 0.0276787115715, 0.000678362032363, 0.0338433786119, 0.132200589838, 0.00472431739066, 0.00899310729886, 0.00157248683818, 1.84847133404e-08, 0.00036043239667
63, 0.0272622648241, 0.199031222635, 0.00160731405844, 0.377197280342, 0.0511317559726, 0.0041305947799, 0.0132109263888, 0.0320052029917, 1.75971700819e-06, 0.29442167829
64, 0.998112261359, 0.000630956720761, 0.00107694033205, 5.59094292786e-07, 2.40999253403e-05, 9.19173073327e-05, 3.18781804401e-05, 2.84401025343e-05, 1.16348698176e-14, 2.94697796104e-06
65, 0.207851860646, 0.0214915800711, 0.0164907928689, 0.230767261374, 0.172924767833, 0.278285804181, 0.0479400693834, 0.0203034282678, 1.13395344188e-05, 0.00393309584062
66, 0.642302136555, 0.289374776564, 9.44268597219e-06, 0.00724208933628, 0.0136295356678, 0.031517425958, 0.0136209208443, 5.25844996677e-05, 3.34120011046e-08, 0.00225105447734
67, 0.845470481209, 0.0647008556446, 0.0058280561519, 0.0187570839249, 0.00487580742744, 0.0498163420661, 0.00285222479089, 0.00740113782883, 8.23780341909e-07, 0.000297187176271
68, 0.252071169571, 0.421145225172, 0.0124904996262, 0.238280919907, 0.0539384108892, 0.00499931319787, 0.0045669778263, 0.00149624081476, 2.17627717859e-10, 0.0110112427776
69, 0.387551850329, 0.531822176838, 0.0185525534065, 0.0134745258634, 0.0312778871903, 0.00234342179149, 0.0140413024297, 0.00011010506363, 2.26366323064e-09, 0.000826174823857
70, 0.858164264014, 0.0505792035055, 0.0559830534483, 5.0111564001e-05, 0.0191501969854, 0.000715538032565, 0.00456983159539, 0.00983637638404, 7.63320572125e-07, 0.000950661149704
71, 0.981983733122, 0.000116484534688, 0.00104145721305, 1.70459338989e-09, 0.0126638756756, 0.00198188396029, 7.28465841312e-05, 0.00213971123084, 1.56764794498e-16, 5.97489865613e-09
72, 0.377767450137, 0.0665782023853, 0.0458681213676, 0.0154294014855, 0.0526544355515, 0.00112628662356, 0.252124932484, 0.0981700098155, 0.0788226567015, 0.0114585034484
73, 0.331833413159, 0.0176061485066, 0.0282602730603, 0.04356821358, 0.00625784999964, 0.0562877278695, 0.00690697766128, 0.482521535759, 2.05751679909e-07, 0.0267576546528
74, 0.074401896724, 0.0803201865612, 0.0358443365408, 0.262239551548, 0.353005051264, 0.0378241488759, 0.0640475116829, 0.0639351502506, 6.72538952826e-07, 0.028381494013
75, 0.645394995091, 0.0127868944082, 0.084395654024, 1.09354914661e-05, 0.00368594799152, 0.000509612565653, 0.00578293168184, 0.246879249802, 2.78237260946e-05, 0.000525955218508
76, 0.0365624874685, 0.411351367561, 0.47643460502, 7.2387157777e-06, 0.000372436624615, 0.0729155775807, 0.00235121796391, 1.70693309653e-07, 6.7104686402e-14, 4.89837189283e-06
77, 0.489315826964, 0.339594490326, 0.00722328640274, 0.0074065163134, 0.130193954704, 0.0172046382186, 0.00168101034208, 0.00736546249107, 5.69870802379e-11, 1.48141811333e-05
78, 0.0380006154218, 0.110235117657, 0.51853673407, 0.152646564656, 0.00126944214852, 0.161002321628, 0.00788456226678, 5.5445902957e-06, 0.0104053530599, 1.37445021492e-05
79, 0.135402902603, 0.000451138446419, 0.148624103574, 0.00206105948394, 0.0266560706778, 0.139648369106, 0.0437178119116, 0.000856289571641, 0.494180249057, 0.0084020055681
80, 0.382849927206, 0.0655636915008, 0.0397463134342, 0.0135759568152, 0.00100198272288, 0.0068195490438, 0.0139148581878, 0.000516239096019, 0.000646027052091, 0.475365454941
81, 0.0276715086418, 0.442485359284, 0.245559561572, 0.0120726038082, 0.00411359541649, 0.237367083862, 0.00172818458582, 0.000165351723207, 0.000123838786169, 0.0287129123212
82, 0.75694547595, 0.14923361316, 0.000747576941022, 0.000850213302155, 0.00134033239256, 0.000825501003707, 0.00560747001525, 0.0842717181909, 0.000110520723234, 6.75783204592e-05
83, 0.861548626583, 0.0655142392409, 0.00160568529936, 0.000244429695389, 0.015858617509, 0.0275869960709, 0.00758837621061, 0.0198648081885, 1.04399073532e-05, 0.000177781295566
84, 0.556653303735, 0.30011146097, 0.010450311502, 0.051500506787, 0.0409307936802, 0.026871568747, 0.0119543822487, 5.98397361074e-05, 1.88983037659e-06, 0.00146594276363
85, 0.0413564556367, 0.046497269612, 0.356571889052, 0.00927487653574, 9.81859329035e-06, 0.00302795232308, 0.000914602560836, 7.03396284339e-07, 0.542345613766, 8.18524301836e-07
86, 0.529398477021, 0.000471192382238, 0.0234902814821, 0.00091172237959, 0.00921712288058, 0.000812917651753, 0.00314024329078, 0.0498134417286, 4.20881961728e-08, 0.382744559095
87, 0.365330084506, 0.546661093131, 0.0376678346008, 0.0353313169747, 8.11899490774e-05, 1.71187897907e-05, 2.24872220197e-05, 2.90379728861e-09, 8.2330830365e-22, 0.0148888719227
88, 0.0157754952492, 0.138316482946, 0.26892371205, 0.0615803556958, 0.0287553715903, 0.485014110682, 0.00101134292904, 2.35245122006e-05, 1.00947845346e-05, 0.00058950956026
89, 0.180723363922, 0.00120661352185, 0.0209350573064, 0.162633723747, 0.00797248644743, 0.00328388516026, 0.0528192760128, 0.555927633799, 6.39607141439e-10, 0.0144979594429
90, 0.84533928434, 0.0409454397978, 0.00402794223147, 0.00777657879618, 0.00266665164871, 0.000969578756865, 0.051166255163, 0.0125357830881, 1.05838506815e-10, 0.0345724860715
91, 0.462004642308, 0.0635170088069, 0.0872516910229, 0.0434995013252, 0.0111497971784, 0.0600751466138, 0.178463850116, 0.00279275336554, 0.00100807398981, 0.090237535273
92, 0.0408739319963, 0.457990066661, 0.367458024417, 0.0559993544647, 0.0103747125192, 0.0113665574638, 0.0351893574187, 0.00110601550821, 0.010155506951, 0.00948647260053
93, 0.935628441136, 0.0408118195222, 0.00517478328704, 6.02799089148e-06, 0.0105758053813, 0.00204510248817, 0.00264458438467, 0.000379930966232, 1.08436810664e-07, 0.00273339640707
94, 0.953206298736, 0.00449207162029, 0.00207214306757, 0.000165176642709, 0.0369326547655, 0.000719802490035, 0.00168785877765, 0.000553381970054, 1.06757675356e-06, 0.000169544353365
95, 0.604943448742, 0.17102901793, 0.0032816009514, 0.001499854603, 0.211125505555, 0.00398339885054, 0.0041345670548, 9.62670247161e-07, 1.61415579508e-06, 2.94867909843e-08
96, 0.700716531864, 0.16615291175, 0.0156744953813, 0.0178517432018, 0.0285017034492, 0.0471792020107, 0.0229776027041, 0.000565733646958, 3.91124223646e-08, 0.000380036879406
97, 0.0150652721688, 0.01768075078, 0.0296152680088, 2.02686967306e-05, 0.752323103653, 0.185249935541, 2.20210309681e-05, 2.09340549417e-05, 2.21893784073e-06, 2.27127859776e-07
98, 0.254601246468, 0.445225419119, 0.00175930177675, 0.24817264231, 0.000486790291538, 0.0287551111587, 0.0112215884639, 0.00974760840488, 2.81879510083e-13, 3.02920063856e-05
99, 0.27172648354, 0.510555508411, 0.132224083521, 0.000296563006869, 0.0505852059193, 0.0233080975812, 0.0107321745783, 0.000243987887765, 0.000307469852042, 2.04257024074e-05
100, 0.504253403798, 0.00070077155969, 0.0891340456631, 0.00402248043161, 0.0317141641679, 0.00826474909706, 0.00193404115098, 0.354118130663, 0.000124112735407, 0.0057341007334
101, 0.951047685505, 0.00347715783872, 0.00243619822544, 0.000378953058427, 0.0379883047758, 0.000872118999801, 0.00228569751032, 0.000971672638816, 3.12427165038e-06, 0.000539087175752
102, 0.689700693739, 0.040408821508, 0.0171604751348, 0.0860266389852, 0.0371849072772, 0.00299134032266, 0.105345198274, 0.00868049916142, 0.00186367956698, 0.0106377460313
103, 0.271311643561, 0.0725343431585, 0.000484134632811, 0.219063005683, 0.238020262721, 0.169699783582, 0.0177163192701, 0.00503303926226, 2.16856827714e-07, 0.00613725127292
104, 0.74498618538, 0.0956667306749, 0.00947283212374, 0.00434554104091, 0.0194187627812, 0.00342428050216, 0.111109670896, 0.00329801014896, 2.34882618049e-08, 0.00827796296384
105, 0.0358430478508, 0.0257025891772, 0.0100360750936, 0.617822973741, 0.015045928183, 0.0024544005821, 0.285543076697, 0.0045857359641, 0.00215233788312, 0.000813834828107
106, 0.676556899952, 0.263705505303, 0.00203290807548, 0.000633304262837, 0.00949778862008, 0.000401804263893, 0.0101305129597, 0.0366761152572, 3.96094405804e-06, 0.000361200361795
107, 0.66314338782, 0.00272233325592, 0.0104714601364, 6.26962356683e-05, 0.023507497373, 0.00201839055075, 0.00477444165997, 0.292319893997, 0.000180178803618, 0.000799720167402
108, 0.887329511391, 0.00479518633777, 0.000119525785289, 0.00150152875683, 6.98317148282e-05, 4.58181590418e-05, 0.106128541206, 7.03662945879e-07, 8.71272666744e-16, 9.35298647788e-06
109, 0.604053282266, 0.30523540448, 0.00105553170379, 0.0415715425108, 0.00024847471626, 0.0285451392098, 0.0176770262213, 0.000352854397509, 1.23317481182e-09, 0.00126074326073
110, 0.33159005011, 0.00212030498166, 0.0138118689303, 0.0520420662005, 0.00543679286676, 0.000122267038982, 0.000103416031507, 0.594372581215, 1.50145179029e-10, 0.000400652475338
111, 0.47431332273, 0.20286965151, 0.077496817953, 0.18829443433, 0.00202271830713, 0.0421124858348, 0.00217986156176, 0.00543137116772, 7.06945859275e-05, 0.00520864202002
112, 0.00863245607705, 0.797855009684, 0.161974498202, 0.000115686199976, 0.00301515247633, 0.0248226370274, 0.00358337655586, 1.73964499656e-08, 9.4020719949e-07, 2.26173806052e-07
113, 0.882519874892, 0.0267695068353, 0.00545080799366, 4.42687281745e-06, 0.00117311346433, 0.00960730179604, 0.00145804777982, 0.0730063846373, 2.63408484457e-06, 7.90164404953e-06
114, 0.834577945855, 0.0529370841915, 0.00128689160137, 0.00959995706553, 0.0080348249056, 0.00386270004331, 0.0465822432981, 0.0402113924498, 7.60990648864e-06, 0.00289935068303
115, 0.965880331788, 0.00284126077174, 0.00344082710605, 7.90185736918e-05, 0.0214283442845, 0.00513461463836, 0.000248606696767, 0.000893325699078, 3.34776918114e-09, 5.36670937538e-05
116, 0.229810524334, 0.00523020530333, 0.00306028767315, 0.563737676173, 0.00287054835834, 0.128598143368, 0.0100206045568, 0.0566052021585, 1.61651405838e-05, 5.06429338439e-05
117, 0.984091202781, 0.00347922985276, 0.00604136261063, 8.48479057984e-05, 8.86153201698e-05, 6.18846274453e-05, 0.00597397723234, 1.43817713301e-05, 2.8859232031e-13, 0.000164497898581
118, 0.828038148387, 0.00281760383116, 0.00188318694826, 0.00262843418633, 0.00992207028276, 0.0033949540527, 0.151145038017, 1.02482881245e-05, 2.34990720033e-09, 0.000160313655962
119, 0.947155330735, 0.00216816530562, 0.00508903920786, 5.94640784239e-06, 0.0405136852846, 0.000416791044116, 0.00248763282316, 0.00178689969013, 7.09029335594e-09, 0.000376502411155
120, 0.646839488804, 0.227200598969, 0.0419114264192, 9.56753303952e-05, 0.00272801122736, 8.27102868488e-05, 0.00212869105255, 0.0732693408695, 2.31826581275e-06, 0.0057417387752
121, 0.902837323022, 0.0179013072491, 0.0579406445422, 3.14171216014e-05, 0.00057591296658, 0.00111160810576, 2.76655614886e-05, 0.0164265134433, 8.9145092524e-08, 0.00314751884269
122, 0.970509145447, 0.0163478478133, 0.00107634452188, 4.0859889362e-05, 0.0105860465304, 0.000744433985157, 0.00066936465587, 6.76891255896e-06, 3.28092548746e-10, 1.9187915919e-05
123, 0.495986578228, 0.39106794237, 0.0146758881463, 0.053364137373, 0.00699196428253, 0.0311104394851, 0.0029319468912, 0.000580570115208, 0.00118226201485, 0.00210827109393
124, 0.868177352777, 0.0159976243149, 0.000433015879332, 1.40463770214e-05, 0.0851763319055, 0.0238784289168, 0.00429908717632, 0.00191638007584, 7.60941668559e-11, 0.000107732500913
125, 0.449613368336, 0.034392120601, 0.37533173463, 0.0599239358644, 0.0103177102071, 0.0432360599328, 0.0236130639242, 1.58768984522e-05, 0.00280265391639, 0.000753475689936
126, 0.57252758763, 0.105563652706, 0.0636124930589, 0.0126266506322, 0.189511766413, 0.0243297006347, 0.00150749469712, 0.00256282553544, 0.0109295913726, 0.0168282373207
127, 0.878710944662, 0.0443742903235, 0.00156041056563, 0.0139064487136, 0.00314156022848, 0.00905083401056, 0.046899367509, 0.000367744170595, 5.41081894021e-07, 0.0019878587343
128, 0.990473761389, 0.00343047950811, 0.00250060406309, 0.00141100393543, 0.000337802667808, 9.4658279918e-05, 0.00141128720431, 4.47762683498e-05, 3.23071231881e-12, 0.000295626680876
129, 0.00288796869535, 0.160518189699, 0.24114418935, 0.0427391430911, 0.000152801163367, 0.0490390677517, 0.00626835599825, 0.00578124508542, 0.169514521779, 0.321954517386
130, 0.565923147597, 0.29954191925, 0.0011810704826, 0.101506842584, 4.8680226311e-06, 0.00148417033993, 0.000343235292971, 0.000234257244808, 5.8136702396e-24, 0.0297804891861
131, 0.273409477503, 0.000221838011217, 0.00363050056979, 0.00205853535077, 0.584632480953, 0.135065966894, 0.000969184864515, 3.70670938358e-06, 8.29686942732e-06, 1.22754008732e-08
132, 0.916347454526, 0.00252590043018, 0.00188871100052, 4.03777630812e-05, 0.0296647232974, 0.00131143397857, 0.00112256678987, 0.00288237408328, 2.76189594414e-11, 0.0442164581035
133, 0.826229304757, 0.045826046363, 0.00766896292156, 0.0141529180899, 0.0018266219411, 0.0101399162029, 0.0540765583233, 0.019368178349, 8.28070847726e-08, 0.0207114102457
134, 0.0248943740132, 0.0651063915228, 0.020244976328, 0.304629697929, 0.0523527549861, 0.167900939346, 0.0622977293385, 0.01767388245, 0.000905565027453, 0.283993689059
135, 0.930122992916, 0.00613623639741, 0.0158154135437, 0.000153023446809, 0.0124130156034, 0.0050772600265, 0.00471985817631, 0.00438934662583, 0.0209633595168, 0.000209493747117
136, 0.239113510902, 0.0388178774926, 0.158611374283, 0.229464725985, 0.0456528119888, 0.186558983228, 0.00658047003924, 0.0626744831467, 5.81348475501e-09, 0.0325257571213
137, 0.0110124441859, 0.22433363108, 0.0361524392846, 0.0123414973177, 0.00376904309553, 0.701485798161, 0.0108284547297, 2.00623963255e-06, 7.45691940889e-05, 1.16711608302e-07
138, 0.0653807191328, 0.00661359066658, 0.852803405594, 0.00115539477549, 0.050803160873, 0.0221033162748, 0.00113908111273, 6.58952748735e-10, 1.28202987747e-06, 4.8881789723e-08
139, 0.358404039827, 0.0115151757795, 0.0206593023053, 0.174290455477, 0.0993891707709, 0.132893312212, 0.0294341496269, 0.000153407834646, 0.173234315639, 2.66705281771e-05
140, 0.823210038472, 0.012747375955, 0.00162003524234, 6.15039033791e-05, 0.00646617149429, 0.0655076925216, 0.0105607044286, 0.0770898260546, 3.28025163789e-05, 0.00270384941177
141, 0.618148472909, 0.325408807712, 0.00161433807078, 0.0092886296101, 0.00293772189562, 0.00688527829036, 0.011694772483, 0.0239778251192, 1.05851413375e-05, 3.35687683764e-05
142, 0.253274332357, 0.131736851393, 0.00502971268093, 0.0112778183105, 0.00154572058039, 0.00074773065482, 0.00120578369534, 0.595070442993, 1.12270490272e-13, 0.000111607335406
143, 0.437860897655, 0.124141200422, 0.000622854313441, 0.0235810734302, 0.0344609018379, 0.282200887234, 0.0739459597093, 0.0222280915261, 6.45594193412e-09, 0.000958127415503
144, 0.944353379195, 0.0102161076688, 0.000246728153942, 0.000714486994756, 0.00296885981732, 0.000172304566219, 0.0369527458032, 0.00437470840511, 5.93889439255e-12, 6.7938995059e-07
145, 0.290344559713, 0.146765004278, 0.00831394324334, 0.031173422902, 0.0764038453391, 0.163115952583, 0.147029719817, 0.0257747018887, 0.00125469551469, 0.109824154722
146, 0.883633084471, 0.0169098116268, 0.000107193855262, 2.6481280604e-06, 0.0266860528303, 6.97385167801e-05, 0.00222825296378, 0.0656786289377, 0.00411170920071, 0.000572879469345
147, 0.738118090497, 0.0828237944289, 0.00473076223328, 0.0149847695839, 0.115702303544, 0.000621693248187, 0.0232848198666, 0.0196943779076, 6.19515965006e-08, 3.93267395169e-05
148, 0.759602761573, 0.0511225144182, 0.00820468525616, 0.0181408451349, 0.0435703831504, 0.0121321820056, 0.0991813370059, 0.00719818653306, 0.00067690042677, 0.000170204496063
149, 0.0551216183541, 0.0107018634584, 0.0135415262096, 0.00324763111265, 0.527476122614, 0.0199796207826, 0.00141054930287, 1.50708958713e-05, 0.368498644824, 7.3524460428e-06
150, 0.852770851127, 0.139191136111, 0.00389671597362, 4.56586510551e-06, 0.00219713901452, 1.11875442658e-05, 1.49167661884e-06, 0.0018974142589, 1.32477906774e-10, 2.9498296233e-05
151, 0.298453903807, 0.606707052193, 0.00976316725133, 0.0185583415244, 0.000183201294968, 0.00380626501131, 0.0622245239768, 3.56575695999e-06, 8.6438033276e-05, 0.00021354115106
152, 0.485324290968, 0.00640478494335, 0.0137750893443, 0.116387240989, 0.0200751929779, 0.0264974761581, 0.30010835556, 0.0306039567227, 0.000126265530136, 0.000697346807204
153, 0.181796544318, 0.806476186262, 0.00544882678157, 0.00293678558924, 0.000799676302068, 0.00109682975463, 0.00143656964734, 7.73942322499e-06, 1.76402212346e-08, 8.24281666111e-07
154, 0.0476637157309, 0.251304199831, 0.0929613591546, 0.0643755020023, 0.48130673369, 0.0546629810533, 0.00262786830678, 0.000570957529909, 1.16426542328e-07, 0.00452656627395
155, 0.113484151962, 0.245170773748, 0.134778906691, 0.014842700804, 0.00211609162535, 0.40117872647, 0.0199694892355, 1.24244467399e-06, 3.45274678671e-07, 0.0684575717434
156, 0.309507504767, 0.451173096644, 0.00410737836034, 0.167408928315, 0.0105022660642, 0.0187255495735, 0.0363319099796, 0.00130629609842, 1.89193014872e-07, 0.00093688100487
157, 0.291637589694, 0.0269040609189, 0.0823830001438, 0.00648171958593, 0.44163478653, 0.0030592140201, 0.0497592427821, 0.0974517195312, 0.000173949389249, 0.000514717403987
158, 0.425279216442, 0.222973862939, 0.0243089658368, 0.00180407855131, 0.0450586026616, 0.0134648977624, 0.069157639894, 0.0242834867486, 5.95863860991e-07, 0.1736686533
159, 0.799414370785, 0.035120670628, 0.00117368917079, 0.0364948175807, 0.0827069257186, 0.00955376259266, 0.0192395470633, 0.0151848314338, 2.37993202564e-08, 0.00111136122808
160, 0.789963891412, 0.0646758170351, 0.0424901432873, 0.000342430877779, 0.0873114382966, 0.00249029354269, 0.00289693541047, 0.000193548253957, 3.25507401998e-06, 0.0096322468106
161, 0.822952511521, 0.0334374942319, 0.0795855207693, 4.87399667177e-05, 0.012764885452, 0.0147776135272, 0.022834751076, 0.0128957031579, 9.12399481347e-07, 0.00070186789872
162, 0.668272541538, 0.0609113479324, 0.00579513934514, 0.0140043446172, 0.027797191349, 0.15060183739, 0.0715864852028, 0.000331700133359, 1.64987434074e-06, 0.000697762617606
163, 0.609476400036, 0.0285290710236, 0.00938959637035, 0.0336919986112, 0.0565831314173, 0.0990707991187, 0.0464453884053, 0.0427907023363, 3.73587423718e-06, 0.0740191768068
164, 0.180921643, 0.449525086564, 0.0318388014938, 3.80428833684e-05, 5.72590084302e-06, 0.336655591313, 0.00101509546495, 1.31606705657e-08, 2.1828536642e-10, 1.32007969507e-12
165, 0.126290177166, 0.0115301194236, 0.00499059326117, 0.208577308204, 0.0575044233572, 0.0296288134876, 0.0501093511305, 0.0179955959302, 4.66927784265e-05, 0.493326925261
166, 0.503793714124, 0.199469236211, 0.0256418860559, 0.0228546583836, 0.0288553948373, 0.0360506118675, 0.00978855946605, 0.164456474432, 0.0014421883138, 0.00764727630909
167, 0.221115348474, 0.131117754036, 0.00412132642098, 0.0338423486059, 0.0139029013467, 0.0187011778714, 0.407077686171, 0.0819813825005, 0.0159358867653, 0.0722041878082
168, 0.858649345895, 0.00737761091489, 0.0426144603865, 0.00552091495788, 0.0445196188517, 0.0216704471732, 0.0110795406437, 0.00416134410168, 0.00031621403488, 0.00409050304042
169, 0.571465907884, 0.0353774361843, 0.0583001259295, 0.0158675546675, 0.0210186751528, 0.285748119191, 0.00655661698869, 0.00241847728822, 4.29308647727e-06, 0.00324279362785
170, 0.676223497493, 0.0439217125665, 0.0216896181934, 0.0271269188959, 0.0585115594543, 0.0850234938274, 0.00699660417081, 0.0543639990463, 0.0245562866567, 0.00158630969577
171, 0.123969641596, 0.671774445909, 0.00191484909219, 0.192099617074, 5.22190588326e-05, 0.00150770360611, 0.00864698959191, 1.89409588059e-06, 8.23245832869e-11, 3.26398934542e-05
172, 0.253579419807, 0.0760651320869, 0.00288411799964, 0.0157210799273, 0.287693608644, 0.0845160341915, 0.0918369342531, 0.149345612616, 0.000115285263019, 0.0382427752116
173, 0.49138743706, 7.80849150649e-06, 0.00528231918365, 0.000516835414828, 0.0187684884377, 0.0292949001644, 0.00130401002973, 0.453437151975, 1.88803184337e-08, 1.03036264184e-06
174, 0.296240630896, 0.271950875631, 0.000110982810655, 0.0155111979506, 0.000635204153855, 0.412893579492, 0.00140534876669, 0.00112606457415, 1.92413959927e-08, 0.000126096483477
175, 0.862025123035, 0.00319594808583, 0.00599368801448, 0.0103661612796, 0.03290054863, 0.00146005816713, 0.0837193419583, 3.48734819256e-06, 1.16427247892e-13, 0.000335643481483
176, 0.544027400055, 0.376495695671, 0.0176837765635, 0.0349717715932, 0.00319128176572, 0.00393561092525, 0.0132264752067, 0.00450374738714, 9.70415201657e-08, 0.00196414379124
177, 0.755929942304, 0.178508466463, 0.0267810998173, 0.000314817840096, 0.00365589579286, 0.0295817407986, 0.00275375187451, 0.00241127577168, 9.57460961889e-08, 6.29135926298e-05
178, 0.775395694458, 0.0506200064998, 0.0026119001953, 0.00659537335385, 0.0389193008084, 0.0760217550685, 0.0219106357031, 0.0271275730487, 0.00010190457308, 0.000695856291196
179, 0.333202310394, 0.329678609446, 0.152427722173, 0.0206122135603, 0.0102777276046, 0.0538782052162, 0.000408530043441, 0.00275641790815, 1.58411588508e-11, 0.0967582636388
180, 0.764501118416, 0.0376279521013, 0.00312017038305, 0.0479749152921, 0.0480236317048, 0.00381502526235, 0.088607838117, 0.00606461913865, 8.69442600287e-10, 0.000264728715011
181, 0.945829523062, 0.00806307384905, 0.000920100428078, 0.00229441019635, 0.000301022202203, 0.00135423546104, 0.000284399848231, 0.0400528741811, 9.45084262898e-13, 0.000900360770657
182, 0.722783110457, 0.0213188395479, 0.0124863218778, 0.0144876882113, 0.100492260746, 0.0473112431195, 0.0664647954041, 0.0124016688799, 6.86456194638e-10, 0.00225407107
183, 0.0403915773877, 0.853366382386, 0.0158876621797, 0.0316630644583, 0.0400181589485, 0.00802254796506, 0.00226561490911, 1.88947788562e-05, 0.00836297277795, 3.12420920038e-06
184, 0.215996054031, 0.161288767714, 0.0887648225352, 0.000539169867394, 8.14855242309e-05, 0.526179647538, 0.00714995659952, 2.33539773243e-11, 1.55508430868e-14, 9.61673260453e-08
185, 0.579727109351, 0.113417485881, 0.00452195382795, 0.133661752612, 0.0390872756399, 0.0985767699504, 0.0304909543528, 0.000165213991097, 8.13595816456e-06, 0.000343348435985
186, 0.993768967628, 0.00273195477891, 0.000498334076839, 6.54370980173e-06, 0.00240234773282, 0.000323072679146, 0.000236980723051, 1.67768796387e-05, 1.00319421982e-11, 1.50217822256e-05
187, 0.0314907422408, 0.0186363623155, 0.783943470676, 0.00587384273749, 0.137719292427, 0.0208633544741, 0.00116254898776, 9.24110459367e-05, 0.000217680465299, 2.94630211009e-07
188, 0.583377666423, 0.000448129845473, 0.288962205376, 0.0305677900424, 0.00086428086003, 0.0276467203409, 0.000773189366474, 0.0559780711175, 7.34386655715e-09, 0.0113819392838
189, 0.86566149748, 0.106573221402, 0.00265410794166, 0.00490957808849, 9.54036643226e-05, 0.0017885086614, 0.0159929486111, 0.00146618520928, 5.14561492155e-05, 0.000807092792673
190, 0.197814810266, 0.155721175783, 0.0140109301107, 0.298079603804, 0.081053022353, 0.0463450861944, 0.17875113492, 0.0111570624506, 1.64974261902e-07, 0.0170670091429
191, 0.382118777814, 0.198735851885, 0.0239946044537, 0.165807836949, 0.128425478773, 0.00964883891918, 0.0112787584017, 0.0203477677327, 0.000126476648922, 0.0595156084223
192, 0.64448747662, 0.145858965878, 0.137965331487, 0.00011408519494, 0.0234175356044, 0.00234259417091, 0.00251703249408, 8.26373416432e-05, 0.0223990672964, 0.0208152739135
193, 0.371293705732, 0.396728964443, 0.0029813833036, 0.00980798234125, 0.0904905426494, 0.00816132130047, 0.119036703283, 0.000941988656714, 0.000411621654492, 0.00014578663572
194, 0.193006187798, 5.06155536204e-05, 0.0117560419376, 0.023976401438, 0.0215476236612, 0.233551020833, 0.0426093673212, 3.93614128202e-05, 0.473304953343, 0.000158426700864
195, 0.718655827401, 0.0168171435363, 0.000186884628789, 0.209527983071, 0.00551281227458, 0.043332081339, 0.00517394710946, 0.000714542709824, 4.37744723493e-05, 3.50034580909e-05
196, 0.142815082404, 0.180164734446, 0.668253762831, 0.00273925577207, 0.00143118422456, 0.00408648959118, 0.000446093293677, 8.54862758926e-06, 3.30011573442e-08, 5.48158093046e-05
197, 0.0126527485266, 0.536403943182, 0.426290045674, 0.00626783898363, 0.00266525684778, 0.00093557933044, 0.0147310429181, 3.80540548064e-07, 2.67236551658e-05, 2.64403411641e-05
198, 0.864000751514, 0.0992702091743, 3.55637830483e-06, 1.0381430766e-07, 0.00331601658882, 0.0317181054259, 0.00169023871635, 6.45417984328e-07, 1.41685804101e-14, 3.72969480651e-07
199, 0.696953993261, 0.153776055875, 0.00888650324946, 0.0644197544443, 0.000292257028183, 0.00268576267029, 0.0728118630649, 2.11134196966e-05, 3.93946780245e-12, 0.000152696983687
200, 0.653367954747, 0.0511422281139, 0.0132536813561, 0.00195366852115, 0.0165757473115, 0.00473378309002, 0.0127110991934, 0.245353162416, 1.65627024598e-08, 0.000908658688403
201, 0.401828725797, 0.573080462292, 0.0152978735681, 0.000453886253615, 0.000482971628313, 0.000381515556061, 0.00606634387508, 0.0010579835224, 3.15974907225e-10, 0.00135023719152
202, 0.569107095349, 0.0651997393278, 0.037790597559, 0.00621979283359, 0.163630131441, 0.139222911514, 0.00447979547764, 0.0117185199843, 7.65307495415e-05, 0.00255488576417
203, 0.273707686602, 0.00438248228633, 0.00440652892946, 0.497126401824, 0.00996341209531, 0.00552080430156, 0.107336829733, 0.000892730396004, 0.0452884027435, 0.0513747210893
204, 0.869828914826, 0.11442805796, 0.000390848006185, 1.69821706725e-05, 0.0016760942692, 0.00173946242879, 0.00829654002308, 3.50288708658e-06, 1.17483008989e-10, 0.00361959731134
205, 0.637667711998, 0.00921444506495, 0.0651133046203, 0.0791321614979, 0.0086515981823, 0.000923550063609, 0.0032856857454, 3.52727083521e-05, 6.95495087464e-09, 0.195976263164
206, 0.527209628363, 0.0782245324912, 0.00104449062206, 0.00574949705348, 0.0535087355975, 0.0585641748651, 0.267982744768, 0.0017468981606, 0.0036770955129, 0.002292202566
207, 0.0949807293272, 0.51909144084, 0.28568837308, 0.0016202246124, 0.0640020075453, 0.0130306602914, 0.0131779392987, 4.94580294644e-08, 0.00840733088619, 1.24466157581e-06
208, 0.592498424463, 0.203223746946, 0.00110649172039, 0.0132518419681, 0.0255790425138, 0.0149482682902, 0.146972269289, 0.00225129009829, 3.06654710699e-08, 0.000168594045665
209, 0.0923869600529, 0.520469677155, 0.0590260974938, 0.125543814148, 0.154314055528, 0.0207967130789, 0.00748194804784, 0.0161877007873, 0.00134956975839, 0.00244346394925
210, 0.0920008013765, 0.0395621503253, 0.621718736435, 0.0296537207903, 0.130294384956, 0.0742624704312, 0.0123323491919, 6.73680610978e-05, 6.33170331693e-06, 0.000101686729267
211, 0.845040692717, 0.0599848674751, 0.00190263525162, 0.0312947855609, 0.00225211337745, 0.038558390876, 0.0196537476306, 0.000692051627691, 9.00528833173e-08, 0.000620625430232
212, 0.0959999935064, 0.26746887296, 0.0742194320072, 0.303833722954, 0.0318369007359, 0.0610444341723, 0.0128814390858, 0.0134713508902, 0.0076612131157, 0.131582640573
213, 0.1869202528, 0.0802666997782, 0.00232862062203, 0.0418941470751, 0.0214558711574, 0.0170618124833, 0.0177572532759, 0.0502662172971, 3.45645101492e-06, 0.58204566906
214, 0.819821335264, 0.0504424725872, 0.0015970339858, 0.00124433546023, 0.104241544151, 0.0157955496767, 0.00222492538586, 0.00129621725278, 0.00153539846623, 0.00180118777031
215, 0.678253118621, 0.0146917486314, 0.0108042933497, 1.7556919297e-06, 0.27542061329, 3.20024713442e-05, 5.38616438049e-05, 0.0207375863321, 2.2372477364e-10, 5.01974443058e-06
216, 0.43743171539, 0.0475581096184, 0.0049348528547, 0.395179523126, 0.0418621029198, 0.0591849536235, 0.00356482367393, 0.0056788271082, 5.49024231342e-07, 0.00460454266132
217, 0.77035869825, 0.0103360154194, 0.000386374341015, 0.0392631247907, 0.0827899312456, 0.021798878443, 0.0594666463325, 0.00136693517189, 1.66837453071e-06, 0.0142317276309
218, 0.252937606067, 0.6992814253, 0.0239659221244, 0.0127864950061, 0.000446888849006, 3.92674626952e-05, 0.00997316854949, 0.000126869534644, 0.000409822971434, 3.2534135702e-05
219, 0.35420788531, 0.0726369623227, 0.0496694488581, 0.0144743808657, 0.00727562341401, 0.00643382090325, 0.0282691553858, 0.0185561915254, 2.94467303707e-05, 0.448447084684
220, 0.75041668833, 0.08484937643, 0.000633436676452, 0.0149910030057, 0.0434741816062, 0.0757559466339, 0.0262303622378, 0.00258316417009, 5.58041880631e-08, 0.00106578510539
221, 0.134056698719, 0.0831896054663, 0.022204327561, 0.0115075704347, 0.70376082296, 0.0446497663434, 0.000127999495207, 0.00050312343103, 1.38606917799e-09, 8.42035690404e-08
222, 0.583350485718, 0.00218838156458, 0.0756264403588, 0.00084646097104, 0.322895940115, 0.00667491190869, 0.000162303401997, 0.00507951815145, 3.38851954406e-07, 0.00317521895856
223, 0.751445802422, 0.244646891971, 0.000412349117662, 8.04578838785e-06, 6.82730243645e-05, 4.77522399245e-05, 9.35631257804e-05, 0.00314512570147, 9.44764284999e-12, 0.000132196600255
224, 0.705683830768, 0.0123000115464, 0.0109989761432, 0.00193281460848, 0.140695056302, 0.0209623446606, 0.0184322236798, 0.0887461402304, 8.13000096492e-05, 0.000167302051909
