Sample_id,Class_1,Class_2,Class_3,Class_4,Class_5,Class_6,Class_7,Class_8,Class_9,Class_10
1, 0.187287536735, 0.119627004817, 0.190837052281, 0.122915129589, 0.0225921622709, 0.159477309939, 0.130246307743, 0.000348165302149, 0.0644283625639, 0.00224096875821
2, 0.307341217754, 0.0520080588412, 0.0772932461714, 0.120776128722, 0.0359951478745, 0.175570684271, 0.123953717315, 0.0163619334392, 0.0645533245085, 0.0261465411026
3, 0.611503383162, 0.152388160378, 0.00974958159642, 0.00444823509712, 0.0204014670392, 0.113664841817, 0.0271048874845, 0.0228318001686, 2.36754984913e-06, 0.0379052757076
4, 0.966762415869, 0.0177874380012, 0.000873834743604, 0.00039445998426, 0.00103009607424, 0.000119860013927, 0.00657200881294, 0.00381193415785, 0.000533006577673, 0.00211494576574
5, 0.881719507806, 0.0290005929718, 0.00657316039459, 0.00922315588827, 0.00730519318324, 0.0210195458419, 0.026244799766, 0.0121155789563, 0.00221134034689, 0.0045871248446
6, 0.31542145678, 0.0113837601668, 0.00127227419626, 0.0904385883841, 0.29859209174, 0.0753594450986, 0.0175129449738, 0.182364009708, 6.30590827798e-06, 0.00764912304426
7, 0.257253676855, 0.0798866599556, 0.0198128763887, 0.125166882533, 0.117213159492, 0.131776561279, 0.0656951185142, 0.00840683999878, 0.156039346385, 0.0387488785987
8, 0.885622071316, 0.0246846528853, 0.00489968035325, 0.0144863459182, 0.00604913929061, 0.000874243783147, 0.0356089611292, 0.0260653135356, 1.15731949848e-06, 0.0017084344695
9, 0.95269401242, 0.00257876043226, 0.0153721968757, 0.000404775182328, 0.0150663809514, 0.00332909391559, 0.00350414798847, 0.0069318900368, 1.32511319442e-05, 0.000105491065134
10, 0.465164390221, 0.417333238028, 0.00607299167562, 0.0228091967346, 0.00704085597123, 0.00144697048341, 0.0124930606713, 0.0153481232096, 0.0187474322215, 0.0335437407834
11, 0.825915347686, 0.0775248212379, 0.0281806122475, 0.00188589065796, 0.0178417677628, 0.0195789351367, 0.0126451648533, 0.0140018018244, 1.57864944023e-05, 0.00240987209891
12, 0.145090985794, 0.0931981320561, 0.13018262754, 0.256049217257, 0.0197879706473, 0.0177380858907, 0.0434094169791, 0.110912196897, 9.12660752224e-07, 0.183630454277
13, 0.932498726674, 0.00611308396157, 0.0103480454966, 0.0011443497993, 0.0056921282723, 0.0355230397443, 0.00545240179573, 0.00262929052333, 2.91085598271e-05, 0.00056982517256
14, 0.410751815234, 0.00247721984289, 0.0475184624934, 0.0784472570506, 0.0130453380106, 0.00520225149541, 0.00183720794554, 0.421709855493, 0.0113391809106, 0.00767141152381
15, 0.363744946362, 0.19810048955, 0.00995926696781, 0.355497370585, 0.00374991556404, 0.0183195984323, 0.0173803330988, 0.003960410861, 3.03441518175e-06, 0.0292846341635
16, 0.687165605709, 0.0556531029392, 0.0049590260938, 0.0653887175406, 0.0113597303945, 0.0109638259291, 0.0693756838665, 0.087696334102, 0.000475135180674, 0.00696283824424
17, 0.40829472806, 0.0648308420602, 0.0134815243624, 0.146429679027, 0.0541018416889, 0.128502634863, 0.026152302654, 0.011531124804, 0.134798905094, 0.0118764173863
18, 0.989226911019, 0.00111224053885, 0.00187211800921, 9.95233069952e-05, 0.00437510231384, 0.00181110271941, 0.00106602973871, 0.000206261155677, 3.80208480339e-08, 0.000230673177933
19, 0.18587198862, 0.0243697250566, 0.0120447890854, 0.0014796794105, 0.0189708404224, 0.668234224952, 0.022386812606, 0.0648838223807, 5.21948835104e-07, 0.00175759551821
20, 0.276911592908, 0.654391025607, 0.00827399003101, 0.00837256183722, 0.00547339172312, 0.0217666793746, 0.0208784394808, 0.000199429924677, 0.00277813089624, 0.000954758217468
21, 0.438171437264, 0.357008962451, 0.153161632099, 0.00846468950082, 0.000658502715265, 0.0128978800389, 0.0291454380111, 1.64237758021e-06, 0.000169587698887, 0.000320227843628
22, 0.411226305141, 0.00918222808554, 0.0787112233364, 0.0334375614893, 0.0588083377289, 0.0382542913975, 0.126278817182, 0.087738170032, 0.00014292329094, 0.156220142317
23, 0.777040492661, 0.00539440600993, 0.000779502253812, 0.149839351147, 0.00470922889931, 0.0115722949264, 0.0050647934375, 0.0440462392555, 6.66211803891e-05, 0.00148707022955
24, 0.525108401346, 0.27781338559, 0.00768023123299, 0.0523659201155, 0.00448741895736, 0.0291788728281, 0.0666446093877, 0.0206096644955, 1.83024652398e-05, 0.0160931935821
25, 0.712056382527, 0.180257343976, 0.0279984112278, 0.00688679544659, 0.00395231970096, 0.00430979329862, 0.0199805940561, 0.0315970185188, 2.74264221641e-05, 0.0129339148259
26, 0.298214539262, 0.097020376083, 0.0266560010684, 0.276732264252, 0.0558816622188, 0.0846727223941, 0.0840599797287, 0.0147629577013, 0.00412083594454, 0.0578786613469
27, 0.0573340401178, 0.523295603108, 0.0749325675184, 0.0608840009779, 0.0267365904346, 0.157734074301, 0.0977211854198, 1.30007530144e-05, 0.000574642614331, 0.000774294755153
28, 0.352651378485, 0.00469561815224, 0.0134679031883, 0.0952886920308, 0.0338671607874, 0.0526009053117, 0.0105171475175, 0.343730427944, 0.00681464063515, 0.0863661259476
29, 0.344028901379, 0.0227937233558, 0.0263455199538, 0.0404297521098, 0.130493224945, 0.0475210519904, 0.0443626551228, 0.292213699246, 0.0116888710094, 0.0401226008882
30, 0.775417790356, 0.0473073194367, 0.0098989810488, 0.00280603229627, 0.058637511848, 0.0346189333597, 0.0196708982144, 0.0421832934303, 1.13027198575e-05, 0.00944793729034
31, 0.315219483188, 0.128770318845, 0.00495112133168, 0.354908318753, 0.00786044457317, 0.0613520906264, 0.0326249088294, 0.0110373696033, 4.81836624023e-05, 0.0832277605877
32, 0.964059049318, 0.0144829183685, 0.00378836629631, 0.00285558125708, 0.00234252268355, 0.0013414581141, 0.0069111467347, 0.00300819408669, 7.04123571427e-06, 0.00120372190565
33, 0.786867778455, 0.0779124577115, 0.0105923080392, 0.00220734335306, 0.00348524913346, 0.0132602430929, 0.0383848265823, 0.0342780443186, 1.76489045168e-06, 0.0330099844235
34, 0.15471239667, 0.0137794162107, 0.0481569833241, 0.0584815865864, 0.111527744267, 0.0240598917825, 0.030729337205, 0.238418824301, 0.119362128863, 0.200771690791
35, 0.444054117937, 0.232708642555, 0.129591473073, 0.0826810386798, 0.0301129709406, 0.0117834629252, 0.00561978833012, 0.00734355503326, 0.00195996487294, 0.0541449856539
36, 0.140218453831, 0.0986988745583, 0.045753896196, 0.0166128668713, 0.0139951186971, 0.669854498774, 0.000223193702749, 0.000583998962537, 4.55655817797e-08, 0.014059052841
37, 0.821992472208, 0.0819588769449, 0.0013580387907, 0.0442458632745, 0.00362327964774, 0.00443565930681, 0.0268530972702, 0.00699345719549, 5.64542712367e-06, 0.00853360993438
38, 0.881473801336, 0.00124596680355, 0.0102004427095, 0.00110077751044, 0.0699233998193, 0.00725788616656, 0.0205612269797, 0.00694959788608, 0.000103205457606, 0.00118369533147
39, 0.970811621137, 0.00202947053488, 0.0043368966636, 0.000489467938345, 0.00267240886181, 0.00095871911084, 0.000282621333523, 0.0176965140544, 2.19695522297e-07, 0.000722060669834
40, 0.272748205547, 0.325963193687, 0.0331602881138, 0.12660595366, 0.0387305232662, 0.160660337191, 0.035370800261, 0.00185799048104, 0.00160332996922, 0.00329937782393
41, 0.610092411639, 0.0373619517157, 0.0133383109473, 0.00730553454923, 0.0429810810039, 0.0448486596668, 0.0418101036605, 0.146743430741, 0.00109499094681, 0.0544235251298
42, 0.605984016974, 0.269474422835, 0.0127037081826, 0.00933031937521, 0.0369114121929, 0.0269481813191, 0.0134739534083, 0.00672998848881, 0.00895981755145, 0.00948417967316
43, 0.103725221441, 0.00226040532306, 0.564732129288, 0.00114761143743, 0.00152096181907, 0.0385805231345, 0.00226998715437, 0.284307094185, 7.99723250221e-05, 0.00137609389299
44, 0.2577081041, 0.0873569065384, 0.104828644217, 0.0609733540626, 0.0421273377506, 0.0274888370381, 0.0808472391495, 0.223510116401, 0.0236227442357, 0.0915367165072
45, 0.748405271771, 0.0861568935025, 0.0130081645616, 0.0102606216618, 0.0174881685704, 0.0459214002989, 0.059888567053, 0.0022182617568, 0.000343896354706, 0.0163087544694
46, 0.34675954187, 0.562780011326, 0.0264101359456, 0.00585551336077, 0.0294127697908, 0.0193470540902, 0.0059914963818, 0.000453731828565, 0.00177171349722, 0.00121803190932
47, 0.355195732246, 0.488622298479, 0.00453726997815, 0.0296384900266, 0.0343690324472, 0.0431386649281, 0.0226914745704, 0.00021039281758, 0.0212977205446, 0.000298923962227
48, 0.875122439562, 0.0739747893202, 0.00253448340669, 0.000592388057739, 0.0056668369126, 0.00371534955692, 0.031832069453, 0.00152347787547, 4.61170159098e-06, 0.00503355415326
49, 0.298233629223, 0.00523785656285, 0.000492620662473, 0.333591480926, 0.00974451640929, 0.0489700144309, 0.00510794778397, 0.284242465172, 4.41724382814e-06, 0.0143750515856
50, 0.604998929789, 0.15536005479, 0.00703100526258, 0.0516699218666, 0.00696285815303, 0.0321514764741, 0.0667285589619, 0.042798070415, 0.0019644275891, 0.0303346966984
51, 0.0133029149157, 0.552037271077, 0.427241962561, 3.75946034866e-05, 0.000431292571195, 0.00616249004456, 0.000784125832046, 9.55444430613e-13, 2.34748851815e-06, 9.05939761262e-10
52, 0.182361074935, 0.0324925075507, 0.607079437338, 0.0474927414304, 0.045506966266, 0.0258242214487, 0.0585194049214, 5.44826414395e-05, 0.000667400400881, 1.76306764284e-06
53, 0.266568246084, 0.178342303642, 0.00857133481043, 0.248399359895, 0.0115000978944, 0.221732830848, 0.0511435470214, 0.0010640409093, 0.00024090467817, 0.0124373342176
54, 0.709008103694, 0.0271252636737, 0.000604047684299, 0.0258760429945, 0.110472950645, 0.0533054933653, 0.0451003457857, 0.0232675039664, 3.16306451001e-05, 0.00520861754557
55, 0.0192060673056, 0.0576244820291, 0.894797605616, 0.00176191765058, 0.0059849865184, 0.0180860586729, 0.00034829916274, 3.15844867871e-07, 0.0021890259515, 1.24124836894e-06
56, 0.126080571146, 0.0769966146405, 0.353046113995, 0.127681196872, 0.0153927205057, 0.166657459896, 0.0802410383418, 0.00106128436282, 0.0287178831242, 0.0241251171154
57, 0.320594052655, 0.113041200492, 0.0194119093553, 0.0225156112494, 0.0551018760486, 0.137835065313, 0.0129630395936, 0.00406471091528, 0.16501360144, 0.149458932937
58, 0.958027559702, 0.0129290918703, 0.00197267362088, 0.000116057515775, 0.0016641720617, 0.000409915985829, 0.0173828534429, 0.00470737082728, 7.39675698429e-06, 0.0027829082168
59, 0.00428485171375, 0.0168428832416, 0.632453377962, 0.00060996029821, 0.0720568739333, 0.125169262751, 0.00012052180477, 1.39826312128e-06, 0.148457821808, 3.04822405518e-06
60, 0.62718068477, 0.160273935204, 0.116380286215, 0.00729905476806, 0.0112437515991, 0.0313033129683, 0.018181242049, 0.0255666550532, 2.5663252704e-05, 0.00254541412079
61, 0.64981466163, 0.0238255355336, 0.00146682288259, 0.0707533363733, 0.0213618296866, 0.0282984774739, 0.0828826467687, 0.0125719351316, 0.00077144934084, 0.108253305179
62, 0.806828593556, 0.0124507120383, 0.00423824891142, 0.0427087450843, 0.0847387102398, 0.00914173972937, 0.0165791697468, 0.0131571468112, 0.000136843307076, 0.0100200905757
63, 0.130205097634, 0.21602052654, 0.00651417394728, 0.311675155015, 0.118929246699, 0.0608648460309, 0.0417666817301, 0.0888469000222, 0.00323461344569, 0.0219427589362
64, 0.978502734825, 0.000967277697198, 0.00826491560901, 7.4364415492e-05, 0.000166134218917, 8.40042842777e-05, 0.000332995694971, 0.000991641749034, 7.82696416753e-08, 0.0106158532363
65, 0.195203808661, 0.0228821389346, 0.0268374154916, 0.154775605864, 0.161164220578, 0.244192726257, 0.100752291959, 0.0242200627297, 0.00408661413873, 0.0658851153867
66, 0.683713082134, 0.213882292122, 7.39302427234e-05, 0.0256818901938, 0.0150863159682, 0.0320493968398, 0.0174202872498, 0.000964593885643, 0.000289578069396, 0.0108386332952
67, 0.822734352795, 0.0567137702386, 0.00805055622529, 0.046491362493, 0.0102784389416, 0.0168248058947, 0.0121025256583, 0.0118442093242, 0.000231981145111, 0.0147279972842
68, 0.162762127425, 0.472406916297, 0.0233024548864, 0.235506219928, 0.0264526952983, 0.0255697710331, 0.0242706074513, 0.00290123587453, 0.000149402103814, 0.0266785697028
69, 0.358132444007, 0.54668656186, 0.0132099454978, 0.0248148398229, 0.0290258332699, 0.0113434503931, 0.0127348309038, 0.000282830714866, 0.000129704990367, 0.0036395585398
70, 0.852124394735, 0.054941734742, 0.0426869623922, 0.00150294341315, 0.00773179737566, 0.0023663884284, 0.015144368994, 0.0157859949615, 7.54396043982e-05, 0.00763997535396
71, 0.944218214015, 0.00208210361093, 0.00352011435379, 3.37370801646e-06, 0.0037528636917, 0.000658047770618, 0.000437749827682, 0.0450643918394, 1.04812564776e-08, 0.000263130701526
72, 0.555301774899, 0.0452826258569, 0.0435888886552, 0.0246600142192, 0.107369260612, 0.0126274993507, 0.186407378433, 0.0102411239861, 0.00336947409457, 0.0111519598937
73, 0.304370271312, 0.0119791245028, 0.00304203320886, 0.127300512415, 0.0047664793051, 0.215483470175, 0.00741520872798, 0.320270627966, 2.86723352915e-05, 0.00534360005178
74, 0.156133960522, 0.033083586724, 0.0677624533108, 0.202586228987, 0.242352907168, 0.0289365202902, 0.195636801961, 0.0182599873199, 0.000421840207977, 0.0548257135096
75, 0.579867432864, 0.00796948095158, 0.0425138504071, 0.00165052559911, 0.00751204161012, 0.00123996382921, 0.00877700774396, 0.339420256886, 5.23377136003e-05, 0.010997102395
76, 0.0692948172556, 0.335408309471, 0.560485857302, 0.000144350554984, 0.000786927626032, 0.0123993109296, 0.0211809668267, 3.63331090217e-06, 5.53936154603e-06, 0.000290287361619
77, 0.287353119706, 0.308705789359, 0.0017606859552, 0.00369275796596, 0.317777730001, 0.0448166038356, 0.0269618439205, 0.00839309626194, 2.07482482742e-06, 0.000536298170425
78, 0.0952888787253, 0.0600091132232, 0.705687632729, 0.0183244636245, 0.00640569593615, 0.0830437731047, 0.00975632605656, 0.000405216517934, 0.0206625844453, 0.000416315637356
79, 0.101012826797, 0.00178216703229, 0.179737814458, 0.013262271544, 0.0291051608087, 0.0854657530628, 0.015603622305, 0.0175735127643, 0.512499398436, 0.0439574727918
80, 0.517702805506, 0.159834597166, 0.0338373086884, 0.0209255874053, 0.00843792078342, 0.0232613325741, 0.0266306630744, 0.000942351804056, 0.0644131869382, 0.14401424606
81, 0.0503176184321, 0.060558210424, 0.110388816323, 0.00470785804582, 0.00556466778911, 0.467022640066, 0.0020602447651, 0.0362246740261, 0.0965901261661, 0.166565143963
82, 0.814309113642, 0.0967553031071, 0.000519579167789, 0.0032890077328, 0.00752497393625, 0.00506321850853, 0.0456893416024, 0.026217736724, 0.000143448096833, 0.000488277482537
83, 0.790263453876, 0.0357785795727, 0.0048246320675, 0.00420503486939, 0.00508283543403, 0.0255215924497, 0.0547805241351, 0.0701415255658, 0.00585837870811, 0.003543443322
84, 0.511107248092, 0.260214204609, 0.00877301931762, 0.129552702237, 0.0322138529547, 0.0184616895893, 0.0343265158548, 0.000106851515912, 7.16607780831e-05, 0.0051722550514
85, 0.0370006176431, 0.0550625291298, 0.215918759025, 0.00631064289988, 2.90000188271e-05, 0.0382657625441, 0.00111323172957, 3.18465192496e-05, 0.646240559251, 2.70512389063e-05
86, 0.800182673483, 0.00168262399696, 0.0494737420811, 0.0121918790929, 0.00621758243114, 0.00278175006216, 0.0123782483112, 0.0462599817006, 7.35395622537e-05, 0.0687579792784
87, 0.266652572311, 0.666474575288, 0.037894222333, 0.0183504140792, 7.42189848124e-05, 0.000971576206006, 0.00419764407871, 2.26635935584e-06, 3.76015255996e-12, 0.00538251035596
88, 0.00665217198315, 0.243140634239, 0.140159897235, 0.167081313286, 0.0338427923985, 0.345168217876, 0.00294049665088, 0.000887119059561, 0.000674075198432, 0.0594532820734
89, 0.276948905601, 0.000771079491719, 0.0172817642851, 0.0840841531692, 0.00304704204457, 0.0140692769622, 0.0198194430924, 0.5712363001, 2.02221388064e-06, 0.0127400130403
90, 0.726725682777, 0.0967441397248, 0.0109696183042, 0.0179650629092, 0.00516417033879, 0.0168132704066, 0.0431241106833, 0.0527851577698, 8.56351118344e-06, 0.0297002235753
91, 0.527363785067, 0.0990549291905, 0.0460724419656, 0.0802480440545, 0.0108616663946, 0.0709318534934, 0.0346212941899, 0.00370519228426, 0.00100695572241, 0.126133837638
92, 0.0701414393702, 0.382495839996, 0.272706677603, 0.118819331924, 0.045587898464, 0.0391953716328, 0.0420320352205, 0.00102807230302, 0.00317720171514, 0.0248161317705
93, 0.879871031241, 0.063411354145, 0.0132317523168, 0.000401221271238, 0.00630481289805, 0.00814182519566, 0.0103626231011, 0.0111909896852, 4.59003883166e-05, 0.00703848975736
94, 0.904331986086, 0.00797490505832, 0.00233151032326, 0.000927418271735, 0.0655570787086, 0.00286450966485, 0.00706717784925, 0.00789762368945, 3.402365201e-05, 0.00101376669642
95, 0.578222322849, 0.216930923882, 0.00286477873132, 0.002992412965, 0.168574505313, 0.0101227938322, 0.0202092617463, 5.53963836513e-05, 1.60188691324e-05, 1.15854282939e-05
96, 0.627864391314, 0.206992040324, 0.0164356139043, 0.0668332768691, 0.0143917692463, 0.0439492843124, 0.0091832206239, 0.00490309402821, 9.80602786796e-06, 0.00943750334976
97, 0.0302092327106, 0.00141215499162, 0.0885621422025, 0.00720694116381, 0.718400735748, 0.145304851528, 0.00248028954187, 0.000475340732564, 0.00545687402921, 0.00049143735126
98, 0.165297844894, 0.292407684352, 0.00843583233782, 0.393500159438, 0.000229525904836, 0.0445552934707, 0.0541838844752, 0.0383376978827, 4.67552457569e-08, 0.00305203048985
99, 0.333306269378, 0.351113806597, 0.0654310578203, 0.0237970024881, 0.0880496225945, 0.076000188914, 0.0545648468772, 0.0038058064392, 0.00206127253123, 0.00187012636031
100, 0.406998131553, 0.00125065697783, 0.33214076726, 0.0151394592622, 0.0720269779755, 0.0144931578144, 0.0163464296047, 0.0819813355836, 0.00764843353119, 0.0519746504378
101, 0.907813963178, 0.00641883221758, 0.0049797385289, 0.00641883644096, 0.0396446009967, 0.00189039063612, 0.0121410384575, 0.0196109922069, 8.60744960357e-05, 0.000995532841284
102, 0.41959498847, 0.0597155524684, 0.0128330956387, 0.131233338623, 0.0212182146322, 0.00898839437447, 0.148804736401, 0.0167079380794, 0.0351719056473, 0.145731835666
103, 0.409878686746, 0.0760773101244, 0.00357178856524, 0.0355643914403, 0.268327153615, 0.107802346754, 0.0361695875091, 0.0192501778306, 0.0078768684769, 0.0354816889387
104, 0.690426940886, 0.0956098963629, 0.0052499167945, 0.0341611898139, 0.0394139507039, 0.0256631128036, 0.0741359318556, 0.0157470669394, 6.78841583999e-06, 0.0195852054241
105, 0.14629914511, 0.0403682020666, 0.0354324431214, 0.464051068396, 0.0524641116928, 0.0154498257494, 0.228706876737, 0.00114418050458, 0.014138762946, 0.00194538367723
106, 0.749319089972, 0.12520863266, 0.00525075017787, 0.00404002033362, 0.00681478813663, 0.00172788698052, 0.0174238913998, 0.0883053912379, 0.000363305379319, 0.00154624372258
107, 0.463098187035, 0.000761832487303, 0.00305904506696, 0.000337174773884, 0.0117533379605, 0.00332152970606, 0.0344218200996, 0.480807866734, 0.000500571085559, 0.00193863505138
108, 0.979366720561, 0.00655994734906, 0.000990690168422, 0.000926644814185, 0.000185847578116, 0.000374876230663, 0.0101212249939, 0.000215997364246, 3.13919433383e-08, 0.0012580195487
109, 0.462708315232, 0.30609498507, 0.003713662436, 0.131820641444, 0.00138511366388, 0.0472614592215, 0.0426402522359, 0.00138627142057, 1.01959712299e-06, 0.00298827967986
110, 0.450509609338, 0.0022409342973, 0.00283211694546, 0.0207812090663, 0.0194788958274, 0.00559828254635, 0.0016994746954, 0.488493860672, 1.50907053828e-05, 0.0083505259063
111, 0.581086591384, 0.124285655408, 0.0751001347695, 0.0863975286814, 0.0066280821383, 0.105276505134, 0.00455917846573, 0.00992162082659, 0.00433330740411, 0.00241139578769
112, 0.00478310740968, 0.49327026663, 0.301341801587, 0.00134076995964, 0.000631841535368, 0.194957904768, 0.00285626080932, 9.71700707916e-07, 0.000772618934774, 4.44566655819e-05
113, 0.894280098379, 0.051529004711, 0.0104501224503, 0.000455758248642, 0.00460213635703, 0.0104628770433, 0.00623538218933, 0.0214262789528, 4.64462037202e-06, 0.000553697048662
114, 0.778480488138, 0.0611961201899, 0.00701475058476, 0.0239883282308, 0.0124707325285, 0.0125442170499, 0.0224428585149, 0.0551394863535, 0.0118028950015, 0.0149201234083
115, 0.965292197812, 0.00504377117133, 0.00517094080616, 0.000484788580995, 0.0118771202833, 0.00274004325934, 0.00251220328768, 0.00503556611821, 1.14202911781e-05, 0.00183194838974
116, 0.581598494423, 0.0189323660949, 0.00487101299017, 0.307366550521, 0.00537339961017, 0.0128869438513, 0.0419782083934, 0.00919556273843, 0.000185961221845, 0.0176115001554
117, 0.951344161565, 0.0164905783162, 0.0266245884029, 8.22338065982e-05, 0.0013751998209, 0.00100392408769, 0.00235903398945, 0.000236484650621, 1.80529151691e-06, 0.000481990068996
118, 0.932794660647, 0.00797442317232, 0.00780541758635, 0.00398285721968, 0.00941902912116, 0.00364364769375, 0.0268461261301, 0.000583063990002, 0.000631490672375, 0.00631928376706
119, 0.935677904427, 0.00236617145124, 0.00892223510796, 0.000167398754706, 0.0255672921151, 0.000507069592406, 0.0200480571842, 0.00469601495927, 8.94818508469e-06, 0.00203890822264
120, 0.710693327382, 0.17472117064, 0.0148911208192, 0.00252857197457, 0.00639867642888, 0.00143387686153, 0.0097900373717, 0.0617621184829, 0.000289070191251, 0.0174920298482
121, 0.885559827989, 0.0110825778711, 0.0522488328028, 0.000505797847671, 0.00270758819689, 0.00103050437364, 0.00100742982723, 0.0367413657269, 3.53315262437e-08, 0.00911604003364
122, 0.935691740842, 0.0515189582535, 0.000459377959813, 0.000491873653615, 0.00487808252904, 0.000837465111033, 0.00549422685212, 0.00050721185624, 5.07125986801e-06, 0.000115991683072
123, 0.452309163489, 0.361176672716, 0.00436642450742, 0.134305792849, 0.00464209399293, 0.0155056339792, 0.0111148966111, 0.000391037813739, 0.00758311295325, 0.0086051710882
124, 0.874734466847, 0.035447851115, 0.0037837202336, 0.0015562106029, 0.0397102374586, 0.00560843778328, 0.00837247349134, 0.0104684972412, 2.05878651475e-06, 0.020316046441
125, 0.339940149734, 0.0567220166943, 0.444119271847, 0.0451910381147, 0.0441798823232, 0.0289746279028, 0.0202659289827, 0.0004698956524, 0.0056081328622, 0.0145290558862
126, 0.267641124311, 0.0565967044378, 0.0489533393768, 0.0556492953449, 0.260920680479, 0.1412666779, 0.0344029825051, 0.00132991747768, 0.127457663078, 0.00578161509033
127, 0.823941328003, 0.055083310565, 0.00791004288535, 0.0307812779882, 0.00935712897252, 0.00977211080796, 0.0467802670218, 0.00262035016418, 0.000658266340045, 0.0130959172516
128, 0.972542156445, 0.0136041236442, 0.000894379962976, 0.00963442985679, 0.000748736955173, 0.000554048944786, 0.000993276975317, 0.000697936281178, 3.71699385008e-07, 0.00033053923545
129, 0.00240213890499, 0.196527169319, 0.220145602183, 0.0429024619189, 0.000161938983205, 0.0816130126303, 0.00393465968751, 0.000957364891366, 0.238985271197, 0.212370380285
130, 0.445332571293, 0.248601016047, 0.00250262936998, 0.229111769465, 4.8710025498e-05, 0.00450419843832, 0.012184458143, 0.00307275041449, 1.67431740158e-13, 0.0546418968035
131, 0.236318732913, 0.000435751039119, 0.00688107184563, 0.0434169256585, 0.551141397468, 0.157727399146, 0.00110505892498, 2.79980872494e-05, 0.00294177723536, 3.88768265622e-06
132, 0.710528491886, 0.00222869464756, 0.0074839023056, 0.0020068218715, 0.010238139048, 0.0016784860698, 0.0233753758177, 0.19584499364, 2.06338561959e-06, 0.0466130313289
133, 0.803315458063, 0.0474469334364, 0.00912657949515, 0.014784996447, 0.004124598203, 0.041959758986, 0.0348294802779, 0.0106135783661, 5.93762320817e-05, 0.0337392404931
134, 0.0393899462738, 0.0271661894204, 0.0448757000082, 0.139199026928, 0.0610964724171, 0.154448200188, 0.0130062752683, 0.0455542189729, 0.079135188706, 0.396128781817
135, 0.861081509219, 0.0275631762468, 0.0346098295657, 0.00253352567522, 0.0468340442857, 0.00587863591433, 0.00943924789671, 0.00816995973477, 0.00130510849048, 0.00258496297141
136, 0.274755416381, 0.0757766299801, 0.0455340930373, 0.220713856891, 0.0161025683963, 0.213478772881, 0.0121520112851, 0.108349409689, 4.90724640809e-06, 0.0331323342128
137, 0.0199993810399, 0.30461276546, 0.0466485687362, 0.0132988162996, 0.00247771641216, 0.601661752463, 0.00994307247271, 6.01683831711e-06, 0.00133790951024, 1.40007677643e-05
138, 0.114838322424, 0.00576452805791, 0.657769549196, 0.0115319579619, 0.0832441328132, 0.11947902636, 0.00303731004642, 2.88575691061e-08, 0.00433495447293, 1.89810058471e-07
139, 0.576746649683, 0.0165622118599, 0.0786635186504, 0.100568380878, 0.070196753766, 0.117741177908, 0.011213375014, 0.000512363422487, 0.026252479682, 0.00154308913624
140, 0.780338868551, 0.0114944087408, 0.00780447327873, 0.00117387443183, 0.0123943302075, 0.0131063126429, 0.0158549731236, 0.138209604802, 6.58735476343e-05, 0.0195572806744
141, 0.743707585435, 0.152262282967, 0.00158254038539, 0.0280579791424, 0.00240437097955, 0.0047033193412, 0.039546480096, 0.0264207379015, 0.000186604242434, 0.00112809950972
142, 0.505610353697, 0.0631445671779, 0.0369555736583, 0.0338640488008, 0.00209547301072, 0.00334167648201, 0.0283892680562, 0.322657984839, 2.44430353394e-07, 0.0039408098474
143, 0.386998117099, 0.0826079689134, 0.00169732751939, 0.0383181049547, 0.0484393295367, 0.308029980359, 0.124662438513, 0.00600249607841, 4.84778887002e-05, 0.00319575913716
144, 0.961718992126, 0.0131951889498, 0.00238403601523, 0.000355516031788, 0.00236545949152, 0.000246489860889, 0.0159495929569, 0.00374652200283, 6.80622968323e-09, 3.81957583676e-05
145, 0.246700022961, 0.105836697684, 0.0186559449036, 0.0434604061482, 0.0725424487529, 0.185512171196, 0.167068720146, 0.0287383469178, 0.00116054291733, 0.130324698373
146, 0.951640375282, 0.00916713129323, 0.00151050347289, 0.00011599925129, 0.0153883931819, 0.000380680551492, 0.00288240477073, 0.0174582018341, 0.000782281649443, 0.000674028713332
147, 0.683054630956, 0.0914818889525, 0.00212194526793, 0.0761225207612, 0.0213792327105, 0.00214395042886, 0.0682518795489, 0.0295205196488, 5.05878804925e-05, 0.0258728438454
148, 0.820277840235, 0.0381812554551, 0.00577604409016, 0.0127159885125, 0.0515950014434, 0.0241599144584, 0.0285721861319, 0.00551843572395, 0.0120852201251, 0.00111811382409
149, 0.104944735296, 0.00349564880408, 0.0147474378772, 0.00177919163067, 0.5334027755, 0.019869674547, 0.00441554383415, 9.11539114652e-05, 0.317244032529, 9.80607001056e-06
150, 0.888784954309, 0.0888045470991, 0.00753022357395, 0.000543501428458, 0.00570175726357, 0.000339875781983, 0.000279543105302, 0.00259778010462, 0.000492446650071, 0.00492537068425
151, 0.301902501366, 0.548450874629, 0.021336636409, 0.0397600393998, 0.000822055257626, 0.0077462756313, 0.0737148956392, 9.45055705813e-05, 0.000400942431193, 0.00577127366574
152, 0.380478740855, 0.0316799806144, 0.0271687443691, 0.237052560667, 0.0319208257985, 0.0126221337402, 0.122649392046, 0.118658145703, 0.00506206914384, 0.0327074070625
153, 0.232883164124, 0.741537254304, 0.00869071994309, 0.00495478859101, 0.00111112421554, 0.00389078552906, 0.00584278792539, 0.000402642856414, 3.43009381615e-05, 0.000652431573565
154, 0.0500193985494, 0.158371305077, 0.0213409696135, 0.212824111635, 0.429829653467, 0.103423821991, 0.0180112428967, 0.00157478783971, 6.44780123853e-05, 0.00454023091802
155, 0.0930323580602, 0.252206035373, 0.154688598445, 0.0326143400029, 0.00478200368951, 0.435986698089, 0.0113624677687, 3.16225080571e-05, 0.00171862536582, 0.0135772506978
156, 0.433055318373, 0.341234610669, 0.00964139975019, 0.126722366703, 0.0103492547661, 0.00950472165847, 0.0590281147737, 0.00322630395516, 0.000566603289655, 0.00667130606171
157, 0.272896982931, 0.0221334249145, 0.214559917473, 0.00606783099552, 0.214809193013, 0.0111225145538, 0.0609311308801, 0.170848449035, 0.01023589996, 0.0163946562442
158, 0.455704024991, 0.084874257863, 0.023658655315, 0.00549374751678, 0.0921086914397, 0.0459432426935, 0.185566406347, 0.0526433105905, 8.05951419289e-06, 0.0539996037303
159, 0.719092041388, 0.0556424897, 0.00270974887735, 0.0562325389173, 0.081712163794, 0.0396896134723, 0.0182392749783, 0.0175124196784, 7.48643045937e-05, 0.00909484488998
160, 0.823591174405, 0.0408292148666, 0.0180136854035, 0.00034370587625, 0.0669893642989, 0.000709786889827, 0.00792264333743, 0.000876129060531, 0.00184708129022, 0.0388772145714
161, 0.59861631079, 0.0994121856709, 0.0644983409325, 0.00488463729694, 0.0189400486234, 0.0138975146579, 0.106785523891, 0.0532517343776, 3.56322700245e-05, 0.0396780714895
162, 0.634899536079, 0.121515504257, 0.0246781684906, 0.0455623341187, 0.0228446318865, 0.0804214927489, 0.0450680052193, 0.00429568628485, 0.010308448068, 0.010406192847
163, 0.578746673332, 0.0366025187214, 0.0117382599819, 0.0929144688693, 0.0419052175633, 0.056205238777, 0.0349726215234, 0.0983929585812, 0.000470753602529, 0.0480512890485
164, 0.285139147618, 0.467171231719, 0.00469988715784, 0.000736676833949, 1.33805559582e-06, 0.239463882161, 0.00273303796578, 1.25499288361e-06, 5.33976326411e-05, 1.45863643294e-07
165, 0.269483754386, 0.0254290538, 0.0119756591714, 0.137189222845, 0.203952325226, 0.146017176366, 0.0442757623807, 0.0757152787186, 0.00653831551155, 0.0794234515948
166, 0.481462160103, 0.109519047617, 0.0295355153935, 0.0624946777097, 0.0334592353782, 0.0343593571708, 0.0175986028512, 0.0913317178047, 0.0298255498009, 0.110414136171
167, 0.318080851348, 0.0644795593012, 0.00503991212588, 0.0449784499619, 0.0455305011706, 0.0366478963729, 0.394899220381, 0.0502471847416, 0.000675425078243, 0.0394209995182
168, 0.766089868339, 0.00357413037833, 0.0242618016869, 0.0362867755733, 0.0517321912334, 0.0355301804698, 0.0579215036422, 0.00884182341786, 0.00847416003681, 0.00728756522234
169, 0.562647344728, 0.0479324817096, 0.0328642084396, 0.022349956143, 0.0586387729881, 0.249676735349, 0.00669454152692, 0.00953269949912, 0.000117214195304, 0.00954604542164
170, 0.585218339127, 0.0445698393713, 0.0101450139117, 0.0811476215829, 0.0915432688226, 0.0819493592766, 0.00716740010719, 0.0532488853097, 0.00143817374562, 0.0435720987453
171, 0.154661794188, 0.754017954226, 0.0246221967359, 0.0138653716819, 0.00243046362636, 0.0383152436334, 0.011600033486, 1.24670833304e-05, 3.85310202119e-06, 0.000470622237259
172, 0.324613831938, 0.0163703725768, 0.00164954070123, 0.0390467179154, 0.0662079600799, 0.139830008459, 0.149548735871, 0.241829115443, 0.00181586631609, 0.0190878506986
173, 0.44735043121, 0.000265085162826, 0.0268333793012, 0.00351667904265, 0.0105203145945, 0.0154290393989, 0.00822282107427, 0.485671954684, 2.07982991074e-05, 0.0021694972318
174, 0.520081645292, 0.0715428405574, 0.00016744209904, 0.0776546910824, 0.00197178175547, 0.240539284257, 0.0204070415721, 0.0666838811446, 0.000122855251374, 0.000828536989308
175, 0.890384754733, 0.0040095420581, 0.00692178523651, 0.0273288528225, 0.00995204803958, 0.00135753082931, 0.0297667918535, 0.000918019967229, 1.56167237459e-06, 0.0293591127876
176, 0.651608717095, 0.21425163783, 0.0400612078293, 0.0345914200868, 0.00468269479538, 0.00578700348066, 0.0358041588787, 0.00104268523218, 0.000281865402327, 0.0118886093698
177, 0.797041980528, 0.156250980678, 0.00621717329481, 0.00347070046686, 0.0040638216847, 0.0175944409858, 0.00834510096865, 0.00310712133763, 4.76409530382e-05, 0.00386103910253
178, 0.577210173728, 0.0970194494074, 0.0019973128016, 0.0229161888009, 0.0634325443756, 0.0614553477851, 0.132249900248, 0.0152031496852, 0.00147441717514, 0.0270415159935
179, 0.496001203893, 0.052610575292, 0.0614095801358, 0.0395311882176, 0.036231337485, 0.26636892435, 0.00178643721283, 0.00117775232367, 1.37837658581e-09, 0.0448829997115
180, 0.678475596009, 0.0439591260263, 0.0102155411588, 0.0440452923292, 0.0706827281132, 0.0141278342114, 0.102562864524, 0.0287471673719, 9.45426079427e-06, 0.0071743959952
181, 0.869970924569, 0.0530778176484, 0.00107691851239, 0.001692008964, 0.000543623691646, 0.00258293267099, 0.0208954470102, 0.0240486794638, 6.6318831078e-07, 0.0261109842811
182, 0.669259821211, 0.0198503736282, 0.0110705534963, 0.0354309012599, 0.0659619192794, 0.0813117371943, 0.00856525156305, 0.103021404437, 4.24930682697e-05, 0.00548554486288
183, 0.0997788059637, 0.722364417841, 0.0229129983848, 0.022637606245, 0.0635901046082, 0.0230137083532, 0.0129240217584, 2.7275636549e-05, 0.0327035007611, 4.75604481719e-05
184, 0.195678164061, 0.241533483383, 0.200072065014, 0.000734135792701, 0.000140889724902, 0.339524014528, 0.0223113315585, 9.59241824222e-09, 2.48910049084e-09, 5.9038568053e-06
185, 0.684040892588, 0.140179038677, 0.0148814052872, 0.055007518041, 0.0364180175603, 0.0258587422301, 0.0382918457758, 0.000259729941974, 0.00372330770837, 0.00133950218988
186, 0.970609735553, 0.00910351223194, 0.000269686020862, 0.000617659754997, 0.0121047053999, 0.00322326187192, 0.000810567228048, 0.00220748643616, 1.41522788488e-06, 0.00105197027554
187, 0.0722038662718, 0.0136902864532, 0.793916535836, 0.00883734572279, 0.0862669297906, 0.0181414292571, 0.005036217537, 0.000486016075312, 0.00134198193266, 7.93911235833e-05
188, 0.353211763411, 0.00110722194511, 0.176145238574, 0.034711835416, 0.00510827090556, 0.0132217287674, 0.001864517092, 0.0929736574431, 2.41084134317e-05, 0.321631658032
189, 0.77857564501, 0.125115632907, 0.0143558666642, 0.0496706525579, 0.00126508333144, 0.00838046730845, 0.0185527759838, 0.000335160477364, 5.47908645286e-05, 0.00369392489576
190, 0.229427901522, 0.149441753898, 0.00418107551076, 0.201447469875, 0.05458990239, 0.0403544000533, 0.263666758766, 0.0108126234361, 1.87767270415e-05, 0.0460593378216
191, 0.446580368907, 0.299473596084, 0.0197656163685, 0.0669506116478, 0.0744382021129, 0.0450932789273, 0.0234928186856, 0.00232994133215, 0.00657932488369, 0.0152962410515
192, 0.382179370599, 0.208912917265, 0.241538912225, 0.000475364019402, 0.149393440272, 0.002913386266, 0.00411907659515, 0.00018320300679, 0.00784685976031, 0.00243746999172
193, 0.461060271905, 0.259746026711, 0.00408413429989, 0.0149789305323, 0.120463027164, 0.0133670139735, 0.120827374869, 0.00200650028317, 0.00171769506582, 0.00174902519713
194, 0.12498181615, 0.00107184270723, 0.0383272673298, 0.0631452760102, 0.0452307738438, 0.0909817072205, 0.0240484234478, 0.00204434153235, 0.604559496337, 0.00560905542076
195, 0.717889435977, 0.0191061824104, 0.000302045218634, 0.0981170222224, 0.0281655578451, 0.119833445734, 0.00856972525818, 0.00771159942166, 5.85581542064e-05, 0.000246427758413
196, 0.138059450693, 0.175047071281, 0.630004977151, 0.0060347471294, 0.0153235511409, 0.0340251318188, 0.000653763814742, 3.99864499038e-05, 1.00607261912e-06, 0.000810314448507
197, 0.0143261917773, 0.539833044839, 0.396868934859, 0.00202660954162, 0.00860010011367, 0.0209444699255, 0.00683739592867, 2.84232673061e-06, 0.0104846573658, 7.5753322386e-05
198, 0.82077399428, 0.15693381525, 0.000350665027339, 0.00015341100471, 0.00103049521897, 0.000303631509397, 0.0129439783978, 0.00283050081315, 5.48193657421e-08, 0.00467945367944
199, 0.668527759996, 0.083070187586, 0.11242578362, 0.0576751564759, 0.00312033870923, 0.0236952264433, 0.0480323479636, 0.000274424985938, 3.72315784005e-05, 0.00314154264147
200, 0.78896617952, 0.0515675689478, 0.00258088564532, 0.00672327060815, 0.0141111763937, 0.0240776035569, 0.0331307082394, 0.0733729407343, 7.87214042983e-05, 0.00539094494992
201, 0.262686091177, 0.696493010589, 0.00945071582464, 0.00661072523794, 0.00298054811373, 0.0120181081463, 0.00691013898974, 0.000300030920602, 3.21406791108e-06, 0.00254741693331
202, 0.623693451151, 0.0502560222028, 0.0409711741513, 0.0452647973264, 0.0776625684833, 0.100934300714, 0.0239284921206, 0.0220833772401, 0.00817463187137, 0.00703118473829
203, 0.27256992773, 0.0212259739661, 0.00941367620775, 0.34697475574, 0.0329398701237, 0.0192268758222, 0.0547842393369, 0.0353678204524, 0.043716557801, 0.16378030282
204, 0.904494905161, 0.0623649383588, 0.00191245361728, 0.00068693297761, 0.000572191322329, 0.00123930749489, 0.0260740602736, 0.000178551136593, 1.50434575097e-06, 0.00247515531179
205, 0.231042371274, 0.0702405621974, 0.31462873964, 0.30485151707, 0.0139580149788, 0.00231398994867, 0.00829625505837, 0.000144241450903, 2.00908015565e-05, 0.05450421758
206, 0.662701190591, 0.110633230699, 0.00322707656893, 0.0513235523947, 0.042216093076, 0.042678864875, 0.0699856998796, 0.00756743350287, 0.00405470877782, 0.00561214963489
207, 0.0789932491517, 0.446031856274, 0.28769213457, 0.000460951955938, 0.0422604498075, 0.0811757954079, 0.00635618448496, 1.73731100507e-07, 0.0570243026054, 4.90201221853e-06
208, 0.537491411061, 0.260305198202, 0.00189199996159, 0.0269767492939, 0.0185379618416, 0.0137961345456, 0.0720714224839, 0.0341575694062, 0.000109813371493, 0.034661739832
209, 0.177056300182, 0.268266345228, 0.133080382072, 0.0654799217953, 0.273651049392, 0.0363532827333, 0.026523433057, 0.00200026673173, 0.0113476716662, 0.00624134714213
210, 0.166029211082, 0.00842741151063, 0.586794148668, 0.0293964016242, 0.118876097099, 0.0627487450636, 0.024016632631, 0.00168780716848, 0.00102964523126, 0.000993899922024
211, 0.65017714575, 0.0740327438691, 0.00262963333438, 0.141173360195, 0.00434135614877, 0.0971644578426, 0.0239275032966, 0.00451160240887, 2.87610278594e-05, 0.00201343612691
212, 0.0683887791247, 0.184949894979, 0.0452367225387, 0.34909220948, 0.0962978565148, 0.0956466401823, 0.0306622311143, 0.00350003454, 0.076050843914, 0.0501747876123
213, 0.47173086837, 0.146481683672, 0.00733950077669, 0.021434042982, 0.0275712993792, 0.0275126123555, 0.0177560121828, 0.0352485873358, 0.000992286106286, 0.24393310684
214, 0.865433086894, 0.039756247947, 0.00613258535099, 0.00544491238801, 0.033190266571, 0.00933887196664, 0.00888614516301, 0.00224720896072, 0.0114664527196, 0.0181042220392
215, 0.846314008009, 0.00869525525204, 0.0070941046022, 0.000185325752396, 0.10925620761, 0.000459163900109, 0.00254555366226, 0.0249025667906, 7.87649609191e-05, 0.000469049460235
216, 0.339245968055, 0.0849113401849, 0.0134269522762, 0.432088096033, 0.030380759275, 0.0487285313587, 0.0121259000078, 0.0160745564016, 0.00108827415662, 0.021929622251
217, 0.657854335625, 0.0139005964843, 0.00206837475121, 0.0436964210342, 0.107597921604, 0.0609732358103, 0.027141799788, 0.048589669968, 0.000204540964526, 0.0379731039697
218, 0.370527942836, 0.578340257402, 0.0176069169608, 0.00211359173931, 0.00357748545158, 0.00284131965079, 0.0226716152869, 1.91757514168e-05, 0.0022868263272, 1.48685940316e-05
219, 0.594884643097, 0.0899680899295, 0.0438294641586, 0.028130845829, 0.034504103007, 0.0335797864208, 0.0337006704384, 0.00536767557684, 0.000177868119567, 0.135856853423
220, 0.659140193016, 0.130371934374, 0.00111517579369, 0.0365763578015, 0.0413136561521, 0.0499073234343, 0.0611174106889, 0.0120203992007, 0.000105886179629, 0.0083316633583
221, 0.183987645077, 0.107383230989, 0.0755257446383, 0.0984976637429, 0.470109971991, 0.0422107864303, 0.00642049206943, 0.014949902262, 0.000676426352497, 0.000238136448088
222, 0.507788193596, 0.000634830159554, 0.0608331036496, 0.00508267721694, 0.242806563487, 0.0230293790235, 0.0009553562239, 0.151850303053, 0.000353390189035, 0.00666620340148
223, 0.853401465778, 0.125390972907, 0.00384301721031, 0.000329126975107, 0.0005977984636, 0.000252257418065, 0.00508398894889, 0.0039804242055, 1.34188820495e-05, 0.00710752921214
224, 0.670348075482, 0.0269911186986, 0.0233544597388, 0.0310067823812, 0.131292416523, 0.0179787506042, 0.0198052031369, 0.0737937708377, 0.000923947441567, 0.00450547515655
225, 0.45805666688, 0.362345439544, 0.00219048698194, 0.159523823544, 2.70749557096e-05, 0.000833019035503, 0.00164384247272, 0.0018448440677, 1.34783516823e-12, 0.0135348025168
226, 0.0566239919536, 0.359028668118, 0.0653514788848, 0.00996526328497, 0.32206221369, 0.169535416037, 0.0116833334593, 0.00191303827603, 0.00293954258593, 0.000897053710146
227, 0.90615122186, 0.000774153825913, 0.0863842440134, 9.78463809276e-05, 0.00402396985819, 0.000680498788314, 0.000472970622701, 0.0005512041581, 9.25580220104e-08, 0.000863797934084
