Sample_id,Class_1,Class_2,Class_3,Class_4,Class_5,Class_6,Class_7,Class_8,Class_9,Class_10
1, 0.203739818494, 0.149917637082, 0.300621868118, 0.0484001898738, 0.070627622516, 0.111432181269, 0.0298860639977, 0.0180288805667, 0.0548283437056, 0.012517394377
2, 0.209392572228, 0.205238861726, 0.223144465936, 0.0674872892742, 0.0428838109458, 0.0879504058089, 0.0414503677752, 0.0261248031633, 0.0734989065235, 0.0228285166198
3, 0.519940254193, 0.125378421948, 0.0305374477248, 0.0505812055361, 0.0365677240928, 0.061619235586, 0.0420704993053, 0.0780912108216, 0.00605496848655, 0.0491590323059
4, 0.811753993369, 0.105132770678, 0.0139281944497, 0.00660266538781, 0.0131585177543, 0.00641870454043, 0.0165814065073, 0.0141074275833, 0.00383596149378, 0.00848035823574
5, 0.771086314806, 0.0844177549268, 0.019729413242, 0.0185506823875, 0.0158839861024, 0.0275459985074, 0.0229799236717, 0.020314434005, 0.00477720653924, 0.014714285812
6, 0.360338921168, 0.060270244773, 0.0247473401541, 0.0724735655023, 0.0962632957499, 0.11821633982, 0.0446661041904, 0.173788084039, 0.0047168406689, 0.0445192639338
7, 0.296926461529, 0.212091263953, 0.0847182470918, 0.0877225242642, 0.0478676776763, 0.135258058352, 0.0476514260976, 0.0272111199423, 0.0386263487753, 0.0219268723181
8, 0.444433919065, 0.158584467379, 0.036310209313, 0.109576054273, 0.049477255637, 0.0488332002055, 0.052327180627, 0.0619099728558, 0.00991674221873, 0.0286309984261
9, 0.691406069262, 0.0614893480535, 0.0336039031224, 0.0066228865669, 0.0448466014657, 0.0182199273089, 0.0140435654035, 0.115805361153, 0.00493606674929, 0.00902627091478
10, 0.55740512074, 0.189789186126, 0.0458179952547, 0.0525580801652, 0.022144989489, 0.0460375641897, 0.0286350846398, 0.0145055636569, 0.011791404363, 0.0313150113759
11, 0.780189088656, 0.064474889147, 0.0227279216175, 0.00646472935649, 0.0269857234908, 0.00904975270459, 0.0213218768537, 0.0560680238554, 0.00324433604819, 0.00947365827089
12, 0.252816735873, 0.172386059368, 0.0628060129385, 0.256518689209, 0.0371936232422, 0.0492262360363, 0.0439225989372, 0.0463060604381, 0.0433285437191, 0.0354954402391
13, 0.757869361333, 0.105453110767, 0.0306893818243, 0.00724192705768, 0.0240199576911, 0.0163171392945, 0.0127067420365, 0.0158814139922, 0.0201840960204, 0.00963686998335
14, 0.293849120835, 0.0951434270628, 0.0853441793966, 0.0677731719479, 0.116224728853, 0.116542627934, 0.0237003007534, 0.080817751902, 0.0460208087824, 0.0745838825325
15, 0.428542520958, 0.149477876313, 0.0267977755023, 0.177957013611, 0.0266331070494, 0.0406398160497, 0.0785502415602, 0.0374673746347, 0.012699661285, 0.0212346130375
16, 0.530745818098, 0.117226940395, 0.0206291205366, 0.0656712464394, 0.0275786418412, 0.046284788026, 0.0366315356905, 0.126621780238, 0.00487348850974, 0.023736640225
17, 0.318367930626, 0.196625617964, 0.0911484667878, 0.124181063969, 0.0325356978866, 0.105929404672, 0.0373637250779, 0.0368266635769, 0.0333357395323, 0.0236856899082
18, 0.822161086745, 0.0670132561339, 0.0218460295136, 0.007146440715, 0.0200270689929, 0.0142874489992, 0.0101402731685, 0.0147435207934, 0.0147796515109, 0.00785522342784
19, 0.164220824688, 0.0887237787125, 0.29438139965, 0.0590593739726, 0.0593245721903, 0.104941847289, 0.0248990228218, 0.0867418896081, 0.0735730540591, 0.0441342370089
20, 0.630375435597, 0.214872465052, 0.0376651219388, 0.00836557615049, 0.0368884807805, 0.0276318236843, 0.0165587826007, 0.0121009514329, 0.0059843374445, 0.0095570253179
21, 0.395227973565, 0.240896877534, 0.0978233294876, 0.0676816299486, 0.0175785830964, 0.0676413816251, 0.039561009236, 0.0240107374499, 0.018775682512, 0.030802795545
22, 0.423554097077, 0.0818919350697, 0.144640402471, 0.0184462315746, 0.0819440750804, 0.0875254452901, 0.0425515404662, 0.039851841594, 0.0283154280083, 0.0512790033687
23, 0.562087097964, 0.126776949167, 0.0364372850762, 0.043436936585, 0.042854805473, 0.0644158460127, 0.0197676605076, 0.0791332165344, 0.00469055491346, 0.0203996477669
24, 0.394174409021, 0.223273372888, 0.0268393877169, 0.174639122633, 0.0251007963963, 0.0486689828833, 0.0351183398888, 0.0399806105427, 0.00863318761567, 0.0235717904148
25, 0.684791760765, 0.134605494231, 0.0205130356909, 0.0354127210028, 0.0205607951543, 0.0166630380291, 0.0345958412554, 0.023530140888, 0.00387374033155, 0.0254534326519
26, 0.317324104582, 0.271607998388, 0.0630629237989, 0.106805012415, 0.0404930582712, 0.0832439071925, 0.0395822705284, 0.0275848067403, 0.0248002352895, 0.0254956827947
27, 0.1857770326, 0.111752117268, 0.316438222722, 0.0592804126108, 0.091530130029, 0.124716918367, 0.0303815513344, 0.0190810247646, 0.0473615706791, 0.0136810196254
28, 0.525417282676, 0.0752760572229, 0.0508015430549, 0.0156595707377, 0.0829425339551, 0.0781045659824, 0.0317830821466, 0.119510732181, 0.00656096000118, 0.0139436720421
29, 0.489962062095, 0.0955508993293, 0.0284289603294, 0.0659903708322, 0.0573765318505, 0.0996928884437, 0.0465911626274, 0.0922008565455, 0.00787650371864, 0.0163297642283
30, 0.779558636377, 0.0674134953418, 0.0159206639652, 0.00617159191411, 0.0258849102222, 0.0168997062598, 0.018652536572, 0.056168437404, 0.00360758840792, 0.00972243353614
31, 0.414339650076, 0.207907314913, 0.0251229492043, 0.163729897781, 0.0209108680851, 0.0608110529556, 0.0476582553507, 0.0172408863496, 0.00648045270482, 0.0357986725802
32, 0.867922058447, 0.0545913432176, 0.0147865173072, 0.00631961609917, 0.0155729401702, 0.00575195018669, 0.00970119164244, 0.0136182065176, 0.00346826632642, 0.00826791008542
33, 0.742937007951, 0.110387816912, 0.0175185144423, 0.00690877994245, 0.0264531340499, 0.0175475981514, 0.0221807018631, 0.0390644871764, 0.00362272001443, 0.0133792394972
34, 0.370555347952, 0.108235157029, 0.0757834977632, 0.0711890931587, 0.144475178286, 0.0848501993174, 0.0423636228522, 0.0564434361534, 0.0306215913168, 0.0154828761713
35, 0.313962631885, 0.18128084295, 0.0627921955443, 0.118703721729, 0.064833578275, 0.0969303501142, 0.0362762126111, 0.0495805789366, 0.0197708711323, 0.0558690168228
36, 0.341458342662, 0.187274973642, 0.0561471998341, 0.129412040418, 0.0451117452497, 0.081599009505, 0.0329943887272, 0.0474569846403, 0.0114476059415, 0.0670977093798
37, 0.789262918959, 0.0865541539804, 0.0172531347152, 0.00806238201921, 0.0273647069088, 0.0170068481928, 0.0159554166432, 0.0247970058509, 0.00404409895706, 0.00969933377369
38, 0.826996421996, 0.047864290132, 0.0248533729094, 0.00544621600683, 0.0226580992356, 0.00830351685484, 0.00885944244148, 0.0203231947412, 0.00458740608457, 0.0301080395977
39, 0.835685242228, 0.0460380609857, 0.0208917402075, 0.00636992549303, 0.0316522636231, 0.00810457308776, 0.00828900041503, 0.0297984289644, 0.00400145689333, 0.00916930810255
40, 0.338046328258, 0.278646226961, 0.0550649222281, 0.0627646765784, 0.0566452249648, 0.0937799798485, 0.0398551587785, 0.0404264902424, 0.0101495284587, 0.0246214636815
41, 0.706426129814, 0.0990983634468, 0.022401359517, 0.0151812576004, 0.033887298079, 0.0206551243388, 0.0324799318758, 0.0449797899062, 0.00902145478166, 0.0158692906401
42, 0.281529523716, 0.372032551031, 0.0768393738142, 0.0515141170259, 0.0353339931852, 0.0661756255766, 0.0327189388378, 0.0230965914558, 0.0405400777564, 0.020219207601
43, 0.214395190049, 0.085407984508, 0.237461658671, 0.0583504714343, 0.0681042025457, 0.117844825797, 0.0386208946793, 0.0978531430857, 0.0540608620301, 0.0279007671993
44, 0.437830635094, 0.127563758608, 0.0504144026681, 0.109863524668, 0.0377653784006, 0.0732931619755, 0.0524076030967, 0.0574047874504, 0.0241426860041, 0.029314062035
45, 0.567321265855, 0.150119793323, 0.0413897625248, 0.0473070643173, 0.0355449639422, 0.0381223292133, 0.0557599613428, 0.0249763182447, 0.0153809950675, 0.0240775461692
46, 0.496629743186, 0.340323425095, 0.0312851447159, 0.0189929097969, 0.0202282900005, 0.0314031094233, 0.0263104289321, 0.0144534983231, 0.0122808578791, 0.00809259264862
47, 0.425196778728, 0.306057764035, 0.0407170357076, 0.0383534853006, 0.0529992829395, 0.0631014681935, 0.0249943953666, 0.0131287089681, 0.0098334575923, 0.0256176231687
48, 0.833283876199, 0.0783108930379, 0.0154956790037, 0.00624426836509, 0.015821541503, 0.00911961539983, 0.0132330544427, 0.0171364511529, 0.00288295352464, 0.00847166737135
49, 0.477735111721, 0.119706776301, 0.0237080933541, 0.0974337004111, 0.0330128098439, 0.0736799494672, 0.037715112696, 0.0988191682177, 0.00475506865155, 0.0334342093363
50, 0.706429204835, 0.118471823488, 0.0184436083558, 0.0144006176638, 0.0189382180599, 0.0430556171403, 0.0389372871824, 0.0213168177742, 0.00425382337348, 0.0157529821279
51, 0.207043748826, 0.238104692573, 0.170318924364, 0.0462730446187, 0.061884009225, 0.159970245013, 0.0177868780342, 0.0235001095885, 0.0652464681655, 0.00987187959288
52, 0.318376947735, 0.0710342811767, 0.215937925544, 0.0105466737919, 0.124831670737, 0.131333637225, 0.0162127135103, 0.0320221881853, 0.0249665161377, 0.0547374459573
53, 0.431649387334, 0.148871911508, 0.0332969544531, 0.111475296291, 0.0588735799847, 0.108691875791, 0.049035971055, 0.0240851140907, 0.00960923366288, 0.0244106758291
54, 0.546204649637, 0.093355605467, 0.0196728137365, 0.0704199215821, 0.0846558697766, 0.04504203414, 0.0458032137185, 0.0654150994574, 0.00644405482768, 0.0229867376572
55, 0.256264093386, 0.0756979432087, 0.361289650846, 0.0132372275602, 0.0750416168287, 0.143924930729, 0.0155611177953, 0.0202522956658, 0.0272345061488, 0.0114966178316
56, 0.208090717075, 0.131781663988, 0.266386847192, 0.0679363086381, 0.0724807189995, 0.119148576614, 0.0345985170023, 0.0271663463949, 0.0544310779444, 0.0179792261518
57, 0.241977472369, 0.205791858142, 0.108857189791, 0.0740258076468, 0.0514898057643, 0.092184384791, 0.0430362992126, 0.0288541878273, 0.123286984371, 0.0304960100851
58, 0.856327436832, 0.0610068656308, 0.0135144270384, 0.00674756778556, 0.0135120255608, 0.00544802144384, 0.020117107895, 0.0108143081266, 0.00369114020846, 0.00882109947837
59, 0.115638670266, 0.0987797935217, 0.379384443333, 0.0263257225221, 0.0842645790184, 0.120776151435, 0.0195715241702, 0.0213175431513, 0.12342544617, 0.0105161264119
60, 0.649368933036, 0.156663292688, 0.0311023167997, 0.00795738888975, 0.0649937132344, 0.0292831785029, 0.0203485104492, 0.0234072939873, 0.00589645429634, 0.010978918116
61, 0.667678435058, 0.114698413483, 0.0200629735308, 0.0509190372493, 0.0185524196358, 0.0524127787428, 0.0287157301204, 0.0229214409042, 0.00517864330728, 0.0188601279687
62, 0.505779701858, 0.116791795316, 0.0599329893965, 0.0383305637605, 0.0659683711712, 0.0780175042397, 0.0280802856643, 0.0241210469527, 0.0147641455565, 0.0682135960847
63, 0.411829754192, 0.128977593646, 0.0336939731703, 0.153922140809, 0.0630315166111, 0.0847058527262, 0.0435505173292, 0.0455331313127, 0.00822199713274, 0.02653352307
64, 0.853743432736, 0.0515076355686, 0.0167458887646, 0.00560035156916, 0.0205429626765, 0.00975323032967, 0.0103000222584, 0.0160418906605, 0.00712655618397, 0.00863802925306
65, 0.30752640558, 0.15345641929, 0.0707968067994, 0.0781107873543, 0.0930189184875, 0.129653422404, 0.0414370542471, 0.0423321023589, 0.0591659274171, 0.0245021560606
66, 0.371494752192, 0.286820591735, 0.0517995893543, 0.0707759308232, 0.0396519243202, 0.0424527925934, 0.0308983566052, 0.0325547335798, 0.024525715854, 0.0490256129422
67, 0.663700175622, 0.119779352122, 0.0232714362421, 0.0269568557563, 0.0256456732325, 0.0381653570492, 0.0433117879545, 0.0356714917845, 0.00535731533605, 0.0181405549017
68, 0.444654865302, 0.269232543417, 0.0196920664729, 0.10595229691, 0.0301969956965, 0.0503130555986, 0.0368840685986, 0.0176060192271, 0.00939800480337, 0.0160700839741
69, 0.495891731935, 0.270606600084, 0.0229957668269, 0.0608527178442, 0.0223829988523, 0.0547116791025, 0.0319707965311, 0.0120480845126, 0.0180577054619, 0.010481918849
70, 0.74505852072, 0.0885530253792, 0.0336330020982, 0.00695670108429, 0.0485855158982, 0.0214210004706, 0.0154356258031, 0.0207119941715, 0.00398004026469, 0.0156645741104
71, 0.729802546783, 0.0589923233743, 0.0395829446197, 0.00556069712643, 0.0533347238525, 0.0155656643313, 0.0100697787974, 0.0722853013448, 0.0053447802676, 0.00946123950341
72, 0.517558159637, 0.130263514551, 0.0488470938112, 0.0438846085642, 0.0621701320548, 0.0588497499017, 0.0362348415271, 0.0761990683835, 0.00924261858329, 0.0167502129861
73, 0.423586490989, 0.108369929208, 0.0326423449703, 0.0847185869253, 0.0511409555941, 0.108535394628, 0.0342816658334, 0.124941059266, 0.00741327849043, 0.0243702940961
74, 0.372392654024, 0.156447296669, 0.055961302648, 0.11033843612, 0.05805362266, 0.0949334406233, 0.0470016875127, 0.0525142061394, 0.0201670037862, 0.0321903498177
75, 0.668089297939, 0.0850231062345, 0.0320617928473, 0.0115779487121, 0.0422020191979, 0.0343416684538, 0.0315768468591, 0.0712244609203, 0.00483318306981, 0.0190696757664
76, 0.220319359979, 0.260530410138, 0.208580693656, 0.0628243687473, 0.0422301692814, 0.113908071561, 0.0245823569126, 0.0137361419287, 0.0428207900375, 0.0104676377584
77, 0.559489190743, 0.113039016393, 0.0311842986376, 0.0305759139663, 0.0945347597504, 0.0565940293717, 0.0225606882576, 0.0548003701202, 0.0267269949865, 0.0104947377742
78, 0.145968326921, 0.130686752856, 0.348345883211, 0.0646447227464, 0.060466272227, 0.139719479312, 0.027075025793, 0.0174108725644, 0.0517375506335, 0.013945113737
79, 0.213304196321, 0.126640446853, 0.195904834231, 0.0486197584131, 0.0811906454126, 0.165184111644, 0.0297082893187, 0.0249081621836, 0.0929157455654, 0.0216238100571
80, 0.528580922099, 0.133920447121, 0.0336886408897, 0.0635015989229, 0.0433716808432, 0.0675507176313, 0.0337552744137, 0.0310756396997, 0.00861938968463, 0.0559356886946
81, 0.208636722532, 0.12116934406, 0.256522680229, 0.0556975165781, 0.0672651979218, 0.126666080584, 0.026210004313, 0.031156142145, 0.0871720252591, 0.0195042863787
82, 0.766295477583, 0.0879402600019, 0.017196838094, 0.00747257319259, 0.0247861813072, 0.00745574850686, 0.0270296891566, 0.0380429469865, 0.0152059210992, 0.00857436407236
83, 0.697897046643, 0.111394242894, 0.0182419493892, 0.00945369941612, 0.0260506582779, 0.0266740871441, 0.0328117033305, 0.0623592951319, 0.00386987145067, 0.0112474463215
84, 0.528733597568, 0.231652636341, 0.0211693175277, 0.0832503931323, 0.0253726889164, 0.0393930397272, 0.0336654803993, 0.0126679939451, 0.00808260978042, 0.0160122426625
85, 0.121801594369, 0.222499289272, 0.253358822731, 0.0529822551897, 0.0552573801998, 0.134014982829, 0.02367598276, 0.0173593082708, 0.0849061635105, 0.0341442208682
86, 0.571743972105, 0.119692025801, 0.035996397762, 0.0340498819146, 0.0519621706313, 0.0678091546408, 0.0311415291572, 0.0583482863172, 0.00991462540346, 0.0193419562677
87, 0.378776982915, 0.199763931425, 0.0606715013717, 0.150786750043, 0.0162196864693, 0.0705025757901, 0.0535079760288, 0.0206712847094, 0.0134055404722, 0.035693770776
88, 0.172464801175, 0.116056059642, 0.380987161769, 0.0407170440776, 0.0710152187113, 0.100789010979, 0.0249348603348, 0.0267305892328, 0.0479922283142, 0.0183130257639
89, 0.340443924134, 0.15412801786, 0.047199282482, 0.0764672470277, 0.0711078814059, 0.0959725981187, 0.037845900577, 0.13445987763, 0.014379962916, 0.0279953078482
90, 0.709897088278, 0.0899541824716, 0.0208740204818, 0.0312393016078, 0.0195962663463, 0.0288920653328, 0.0341823476036, 0.0425331332755, 0.00399875685106, 0.0188328377514
91, 0.486856986356, 0.128805229725, 0.0337283297853, 0.0765343637662, 0.104524764913, 0.0734394461763, 0.0346596263578, 0.0256036290737, 0.011860964493, 0.0239866593534
92, 0.474979501541, 0.153076859596, 0.155436582948, 0.0164933864265, 0.0455138711097, 0.0808753484972, 0.0356159093676, 0.0185650542708, 0.00799482672027, 0.0114486595226
93, 0.804025339911, 0.0772060852292, 0.0206158619519, 0.00577611081058, 0.0194903091799, 0.00890835696214, 0.0160768181046, 0.0368039925526, 0.00323921535714, 0.00785790994129
94, 0.817104536981, 0.0528422329567, 0.0228458364975, 0.0223807278659, 0.0330317561435, 0.00588978909685, 0.0102088846115, 0.0236367262765, 0.00362517063567, 0.0084343389346
95, 0.662730435888, 0.131739539844, 0.0228817450021, 0.0109873140958, 0.0808512347147, 0.0281429088786, 0.0220213244342, 0.0267342173376, 0.00470539153224, 0.00920588827202
96, 0.599184387352, 0.0981179723244, 0.0336419009999, 0.0778859557605, 0.0247759610267, 0.037901353664, 0.0396099159351, 0.05357388485, 0.00519268703758, 0.0301159810503
97, 0.209921494233, 0.0690862658894, 0.13092943881, 0.0349196998351, 0.183215942426, 0.168883332769, 0.0389083816773, 0.0896173035936, 0.045100181324, 0.0294179594426
98, 0.247940376768, 0.227861453055, 0.0589479394226, 0.203251551921, 0.0328144771477, 0.081287122278, 0.0336965683064, 0.056226201476, 0.0164068661865, 0.0415674434383
99, 0.444679820946, 0.227846513145, 0.0449478265233, 0.0731345969017, 0.0562501082781, 0.0776592810257, 0.0369483971459, 0.0161835830452, 0.00811197427215, 0.0142378987173
100, 0.56887582664, 0.0700760232426, 0.0726709121817, 0.010229418926, 0.0881176644901, 0.0684958192398, 0.0225070000937, 0.0522371411256, 0.0227184562744, 0.0240717377865
101, 0.845460619453, 0.061744209354, 0.015263526677, 0.00601140225546, 0.0256241229575, 0.00624359837515, 0.00927386722529, 0.0179076663463, 0.00350451883897, 0.008966468517
102, 0.514413853174, 0.117113351503, 0.0311230612122, 0.109644062877, 0.0397864430379, 0.0634152978158, 0.0407545304222, 0.0402385164248, 0.00565763955567, 0.0378532439767
103, 0.445878683713, 0.113896047044, 0.053061393328, 0.0555802154869, 0.104834755198, 0.102680026059, 0.0363933987873, 0.0388008891429, 0.0293380952222, 0.0195364960184
104, 0.538636789005, 0.105738059781, 0.0222154584494, 0.0604317959446, 0.0418658726458, 0.0645007862463, 0.0654836825387, 0.0637229485195, 0.00925861140861, 0.0281459954614
105, 0.239625289313, 0.29527265194, 0.0757922708568, 0.0932984015917, 0.0330509572738, 0.089245210881, 0.0587260803291, 0.0283917333216, 0.032832980517, 0.0537644239761
106, 0.777521063874, 0.0841795850689, 0.0175902967027, 0.00841966000254, 0.0230702159076, 0.00805278455584, 0.0422322526906, 0.0256359327719, 0.00342135103993, 0.00987685738621
107, 0.595021275802, 0.0650350154391, 0.0298220042518, 0.00789498117341, 0.080180920317, 0.0451924895944, 0.0159410949951, 0.136225289805, 0.00655127944735, 0.018135649174
108, 0.836611000008, 0.0752628363897, 0.0133770950671, 0.00571085197055, 0.0116605997036, 0.00618542668087, 0.0142022599515, 0.0136806401394, 0.00326152237007, 0.0200477677195
109, 0.380573349993, 0.226346039613, 0.0636075524972, 0.104596580551, 0.0322930172836, 0.0642676771135, 0.0333590922909, 0.0319884186068, 0.0289411626379, 0.0340271094133
110, 0.512555444651, 0.0844407870703, 0.0315758393681, 0.0257294927232, 0.0830356065787, 0.0282150366944, 0.0262820650021, 0.149428563253, 0.0319644429057, 0.0267727217536
111, 0.267641002167, 0.221062499385, 0.110615432988, 0.0822863489998, 0.0275333787425, 0.070024185475, 0.0297742186649, 0.10012125382, 0.0576063235939, 0.0333353561653
112, 0.179616105061, 0.238274864002, 0.199000338242, 0.0398304438316, 0.05901664825, 0.142174227997, 0.03382044606, 0.0535965170192, 0.0366391791661, 0.0180312303718
113, 0.779771560267, 0.065551663736, 0.0296106371493, 0.00695514425698, 0.0287275525151, 0.0112088468777, 0.0198219545405, 0.0377080700548, 0.00832383163496, 0.0123207389671
114, 0.637362594993, 0.10584997557, 0.0322137981398, 0.0229538286841, 0.0370503316403, 0.0417409699154, 0.0352191568576, 0.0498646979315, 0.00685624115803, 0.0308884051103
115, 0.862675992809, 0.0512053596956, 0.0188318200316, 0.00616794458039, 0.0139062273755, 0.00594369927689, 0.0098508475868, 0.0171766034983, 0.00541565905396, 0.00882584609212
116, 0.410418151194, 0.0886416643281, 0.0409656788683, 0.0881098114245, 0.077239473611, 0.0833279627881, 0.0789528018519, 0.0936550015523, 0.0105211561507, 0.0281682982309
117, 0.77929672128, 0.0897548854464, 0.025397977354, 0.00544507980748, 0.0333769870145, 0.0103670858786, 0.0150391879159, 0.0284369013739, 0.00587062421881, 0.00701454971074
118, 0.720966610274, 0.110175761607, 0.0273127207831, 0.0335564297761, 0.0165235171502, 0.0392570325854, 0.0204865670441, 0.0133522249051, 0.00680567795839, 0.0115634579162
119, 0.856762978985, 0.0581980242461, 0.016437195401, 0.00593279754588, 0.0165478877264, 0.00653296567163, 0.0128069774546, 0.0141589745652, 0.00317196718075, 0.00945023122365
120, 0.699132299045, 0.081838291019, 0.045445882783, 0.00778208511868, 0.0489986392546, 0.0318763052645, 0.0216759046631, 0.0375343206334, 0.00719885846145, 0.0185174137573
121, 0.726747026432, 0.0796483051845, 0.0174593489512, 0.0081754680601, 0.0397305530623, 0.0383185601162, 0.0112395570316, 0.0604077037573, 0.0069315528783, 0.0113419245265
122, 0.848248993459, 0.0585537213181, 0.0269829610706, 0.00643056972966, 0.0235049175945, 0.00519587850108, 0.00965072112192, 0.0114466239386, 0.00274489157179, 0.00724072169488
123, 0.275148802669, 0.29508699643, 0.0410720501533, 0.111174871927, 0.0266228713463, 0.110922141251, 0.0369306157523, 0.0460040743548, 0.0374216527151, 0.0196159234007
124, 0.831223399715, 0.06872812107, 0.0153070191557, 0.00627826166415, 0.0233494128016, 0.0054336326207, 0.020426896648, 0.0164583318837, 0.00364827056262, 0.00914665387889
125, 0.423566937508, 0.160932525884, 0.138906376844, 0.0216906137457, 0.0719007792079, 0.0786230472803, 0.0265127971652, 0.0209475953347, 0.0392972561928, 0.0176220708375
126, 0.194028406042, 0.154148732699, 0.133051144494, 0.0708660262902, 0.0865815806676, 0.113061203833, 0.0351536005571, 0.0282842620702, 0.161137132378, 0.0236879109693
127, 0.525026417751, 0.149648591137, 0.0639910185298, 0.0376956111766, 0.0339985167914, 0.0489870099586, 0.0363492381523, 0.0266914768897, 0.0124111325098, 0.0652009871036
128, 0.858001034419, 0.057978042716, 0.016685359593, 0.00801851132602, 0.016254184598, 0.00952680946703, 0.00945756632277, 0.0113951857825, 0.00524591148564, 0.00743739429016
129, 0.197248352805, 0.258162570299, 0.102070265559, 0.0974960935589, 0.0320985266832, 0.0835326117363, 0.0308305900246, 0.0186232665674, 0.133063548289, 0.0468741744778
130, 0.28481149404, 0.362581960782, 0.0368513113247, 0.156668135094, 0.0227746649, 0.0435351704602, 0.0264486097423, 0.017274278141, 0.0191689456242, 0.029885429891
131, 0.325583742942, 0.0901486963782, 0.123397439877, 0.047857996869, 0.147543518581, 0.15858675102, 0.0232601105338, 0.0407682937689, 0.0324248136138, 0.0104286364165
132, 0.742858868802, 0.0581575694372, 0.0184129085478, 0.0271663303742, 0.0215073055846, 0.00997456016339, 0.0272000316138, 0.069703560809, 0.00383897231202, 0.0211798923563
133, 0.66132557007, 0.0889874113734, 0.024650324341, 0.0131205927271, 0.0434005971776, 0.046163139062, 0.0287508468604, 0.0764109583547, 0.0053908302975, 0.0117997297364
134, 0.266657073522, 0.133269072198, 0.104143347362, 0.0460765160928, 0.175051420894, 0.127262411746, 0.0258262593557, 0.0335305842457, 0.0620554252377, 0.0261278893457
135, 0.672227416794, 0.114321192111, 0.0505588608006, 0.012067288563, 0.0539264967629, 0.0326447825944, 0.0256719942322, 0.0144157641717, 0.0127029643164, 0.0114632396542
136, 0.338793487818, 0.163199930034, 0.0558099121313, 0.104220576382, 0.063961641894, 0.108489708425, 0.0398131733988, 0.086161257493, 0.0112219798687, 0.0283283325554
137, 0.203325880803, 0.170959870795, 0.217063683636, 0.056323627891, 0.045857970342, 0.20059024749, 0.0308219070998, 0.0201246178886, 0.0408696753245, 0.0140625187292
138, 0.145739860047, 0.0825834849339, 0.381114630413, 0.0455186410606, 0.0959510767909, 0.114307347202, 0.0160776842168, 0.0127948947997, 0.087599747042, 0.0183126334941
139, 0.265406079698, 0.0989979526063, 0.239429590759, 0.0203203011955, 0.0655926474831, 0.131074583924, 0.021987122423, 0.114621783894, 0.0304544640651, 0.0121154739521
140, 0.662761565733, 0.109425620276, 0.0325979223918, 0.011525126775, 0.0530023989777, 0.0298619447657, 0.0208951828564, 0.0553123285596, 0.0100673812195, 0.0145505284449
141, 0.683569580511, 0.116546173863, 0.0186396681902, 0.0224549794384, 0.0322384233107, 0.0247851986508, 0.043233392799, 0.043699196246, 0.00449565218983, 0.0103377348011
142, 0.495833351547, 0.214229440131, 0.0221791522187, 0.0626951206279, 0.038962647177, 0.0424320664526, 0.0352173167666, 0.0558295906981, 0.00487080013625, 0.027750514245
143, 0.347283061442, 0.192948472056, 0.0876946784592, 0.0823771890267, 0.0466239368828, 0.0903400910924, 0.0412241917285, 0.0509927579307, 0.0248932840378, 0.0356223373441
144, 0.734039718392, 0.0481014420561, 0.0231262127253, 0.00562107338164, 0.0592615126778, 0.00738196765615, 0.00959430763318, 0.0906195801782, 0.0130999288959, 0.00915425640327
145, 0.334385455748, 0.167106783227, 0.0771084529069, 0.110150052561, 0.0473357065636, 0.103104995662, 0.0383062911752, 0.0326574123482, 0.0360932795014, 0.0537515703067
146, 0.715765806167, 0.0976499795776, 0.0159401365223, 0.00628892524322, 0.0239273222224, 0.0115017907541, 0.0248635012277, 0.0900915327024, 0.00345641144712, 0.0105145941365
147, 0.519700411437, 0.15179843809, 0.0311213339341, 0.0648962402104, 0.049337524738, 0.0220698666735, 0.0663798906876, 0.0583280762363, 0.0132464367199, 0.0231217812732
148, 0.606249969715, 0.101632813751, 0.0344517700302, 0.0408290803134, 0.0439838864463, 0.071210281101, 0.0384685144726, 0.0443601210556, 0.00672070647544, 0.0120928566398
149, 0.146056247165, 0.143289396559, 0.31051253496, 0.0497972306135, 0.134868101836, 0.0827889301332, 0.0278828479265, 0.0121580073483, 0.0818910090784, 0.0107556943804
150, 0.802988420218, 0.0714071390316, 0.0406833976184, 0.00553068492854, 0.0208945918259, 0.010028269062, 0.0224991163835, 0.00990745043277, 0.00675755728134, 0.00930337321754
151, 0.642628259554, 0.22380058693, 0.0183184550213, 0.0350916515237, 0.013767368262, 0.0108254192451, 0.0237332153875, 0.0119383291214, 0.00420197399494, 0.0156947409597
152, 0.490869085997, 0.123790825825, 0.0324884553474, 0.059059119774, 0.0722126903566, 0.0866066711365, 0.0436667184392, 0.0593516544241, 0.0119306503877, 0.0200241283125
153, 0.384668944215, 0.33936140671, 0.0501107926038, 0.0622039888554, 0.0370882332759, 0.0522965473371, 0.0308339454571, 0.0201922978182, 0.00994336528383, 0.0133004784446
154, 0.33174473021, 0.173142197859, 0.0997996613358, 0.0455896867373, 0.115118880667, 0.139586812623, 0.033769270462, 0.0291074382489, 0.0182557927973, 0.0138855290591
155, 0.255195822697, 0.181859319243, 0.0898653892087, 0.1199688204, 0.0594491999838, 0.12349980938, 0.0423440358455, 0.0341442041992, 0.0545169392725, 0.0391564597698
156, 0.497238223013, 0.184811854804, 0.0341289150701, 0.0949194736312, 0.0188056624447, 0.0650492340355, 0.0328267610909, 0.0245884748666, 0.014946033023, 0.0326853680214
157, 0.351522231138, 0.114851098108, 0.103610478377, 0.0705296169952, 0.0729543537756, 0.121036251513, 0.0350237627058, 0.0677071087504, 0.0181445407601, 0.0446205578768
158, 0.435181648739, 0.107970588046, 0.0538699216159, 0.0487019863173, 0.0566316225523, 0.0872460368571, 0.0545197283691, 0.109268544631, 0.00656277117246, 0.0400471517006
159, 0.465431872511, 0.140295281227, 0.0326218860724, 0.104889035509, 0.0345399243616, 0.0717886702993, 0.0441926988114, 0.0539225253667, 0.0148573696048, 0.0374607362363
160, 0.360169332814, 0.167195202512, 0.0744211230224, 0.0440757191472, 0.0557862919645, 0.0843040571478, 0.0753507320767, 0.0889502308773, 0.026523868636, 0.0232234418026
161, 0.440317846573, 0.102527956639, 0.0630679754679, 0.0633917436273, 0.0587372196757, 0.0735998164288, 0.0494471428313, 0.0946674005108, 0.0224614558484, 0.031781442397
162, 0.55359262122, 0.137770259814, 0.0272279881081, 0.0935100759132, 0.0196771262975, 0.0635085121471, 0.0498187066368, 0.0167192593395, 0.011399092501, 0.0267763580233
163, 0.524219616863, 0.101440026391, 0.0453400609082, 0.0614413869779, 0.0473944100055, 0.0730109923478, 0.0475945112103, 0.0620250392213, 0.008600931234, 0.0289330248409
164, 0.280309795947, 0.276494445918, 0.0986600633547, 0.0640962692907, 0.0273562300047, 0.101990896161, 0.0296208178283, 0.0641750622121, 0.0210428767454, 0.036253542539
165, 0.261514693713, 0.102466553693, 0.0633069772166, 0.233264183165, 0.0991283214518, 0.081868328928, 0.040971423302, 0.0577309446184, 0.0185406260879, 0.0412079478242
166, 0.484029859019, 0.16424122746, 0.0393082312703, 0.0861285085857, 0.0483690662732, 0.0750006838984, 0.03554651595, 0.0334465309453, 0.00581872918298, 0.0281106474158
167, 0.503399734449, 0.0799775714931, 0.0331448601402, 0.0541797561162, 0.0741480165472, 0.0529772888487, 0.0512835795069, 0.123055943332, 0.00545056898492, 0.0223826805813
168, 0.408272309944, 0.0960281911229, 0.149174350422, 0.0602084283778, 0.0706199936742, 0.117653021933, 0.027379280815, 0.0180128608452, 0.0383137072772, 0.0143378555889
169, 0.412933061167, 0.114028940836, 0.0552619459482, 0.106627632885, 0.048007657124, 0.126954623234, 0.0356921658163, 0.053851312914, 0.012611696854, 0.0340309632222
170, 0.292076119619, 0.17456407998, 0.0684368265701, 0.0768504236246, 0.0918198178184, 0.122673536072, 0.0485299582088, 0.0646267462829, 0.0275102536897, 0.0329122381353
171, 0.53059067207, 0.18124516935, 0.0450870568987, 0.0459032959156, 0.0150063627605, 0.0824431409433, 0.0247636761067, 0.0268302458237, 0.01368920482, 0.034441175311
172, 0.418776351699, 0.0921811527517, 0.0281713191082, 0.0648903542757, 0.0805746750673, 0.109007925532, 0.0466129192034, 0.136379805268, 0.00818375550925, 0.015221741586
173, 0.552278999185, 0.0712900918267, 0.0470241495662, 0.00847961036675, 0.0873982684558, 0.0484526582793, 0.0232802505262, 0.121753181869, 0.00628752762615, 0.033755262299
174, 0.411610158079, 0.108557335464, 0.0359867464876, 0.100242962871, 0.0619903254065, 0.106535369739, 0.0416276899482, 0.0753098660125, 0.0186002305604, 0.0395393154325
175, 0.579801879657, 0.160661594022, 0.0688043033905, 0.0484071104114, 0.0254180114136, 0.0313534074223, 0.0209861066631, 0.0179416841927, 0.0242056977989, 0.0224202050282
176, 0.505985442336, 0.308564807143, 0.0172630014047, 0.0501248564574, 0.0130928511189, 0.0273869900235, 0.0307269162228, 0.0198807053115, 0.00593782195604, 0.021036608026
177, 0.817762880855, 0.0911391746182, 0.0162567063874, 0.00656220779902, 0.0238523656533, 0.00598722804614, 0.0129383853707, 0.0122073968532, 0.00404893593745, 0.00924471847996
178, 0.529414291175, 0.102733606795, 0.0244270668237, 0.0808008905158, 0.0655238413958, 0.0554598924439, 0.0528907995595, 0.0441010603699, 0.00511577708923, 0.0395327738322
179, 0.394584504938, 0.0740494097256, 0.0495984012877, 0.0131603755552, 0.131568301201, 0.114679812722, 0.0293911116453, 0.11526250707, 0.0350907272596, 0.0426148485961
180, 0.4328579378, 0.1236439006, 0.0697147443266, 0.0814103620113, 0.0558333195822, 0.0747271637808, 0.0720101446134, 0.0468572104973, 0.0125724567205, 0.0303727600679
181, 0.738480637081, 0.0745026882054, 0.0336052618742, 0.00747967138336, 0.0304747429693, 0.0264451202641, 0.0169438768256, 0.0325669186186, 0.00738389664036, 0.0321171861379
182, 0.425873925506, 0.123717804528, 0.0611300502087, 0.0685066105901, 0.0522491817398, 0.0669030597389, 0.0296572310005, 0.130069168969, 0.0165242387021, 0.0253687290176
183, 0.313205991366, 0.409672856108, 0.0677785048461, 0.0496852307532, 0.0378413466138, 0.0679950044205, 0.0213445590155, 0.00783431922838, 0.0168943857873, 0.00774780186124
184, 0.238767013302, 0.2581902946, 0.14647098123, 0.0711007962226, 0.0240338271623, 0.0906890923155, 0.0582400461702, 0.0236699667939, 0.0535230528824, 0.0353149293212
185, 0.577334975844, 0.228125998122, 0.030383926735, 0.0211199740623, 0.0262248525622, 0.0490597447743, 0.0328810222694, 0.0139223068672, 0.00968276989498, 0.0112644288684
186, 0.798089503343, 0.0662792126393, 0.0180384894595, 0.00589233891934, 0.0527128025955, 0.00801193996563, 0.0165833562657, 0.0210474588418, 0.00560617258506, 0.00773872538465
187, 0.222787802968, 0.0671234884836, 0.382274981651, 0.0250644896142, 0.0693256747692, 0.15391793172, 0.0170134514694, 0.0237401639389, 0.0299168545229, 0.00883516086346
188, 0.573109819416, 0.0888867835121, 0.0645861345746, 0.0123582425738, 0.0653083687765, 0.0664171264311, 0.0171251906773, 0.0666740892319, 0.0287494755853, 0.016784769221
189, 0.788234441506, 0.0784110089685, 0.0236735985279, 0.0147537696932, 0.0306300222535, 0.0141912504689, 0.0165663524292, 0.0131394851734, 0.00485448322798, 0.0155455877513
190, 0.41779041273, 0.145761776798, 0.0376466751663, 0.0915650880474, 0.0721594066292, 0.0612205014551, 0.0503584156702, 0.0590911251179, 0.0140774113501, 0.0503291870352
191, 0.407112410377, 0.197512134586, 0.0600315731234, 0.0425327692434, 0.10051647719, 0.0899575174435, 0.0427743361592, 0.0221537970448, 0.0217981921947, 0.0156107926381
192, 0.198747967744, 0.418904002711, 0.108930736132, 0.0604949823274, 0.0268300528623, 0.0728819100724, 0.0277344408453, 0.0167073886882, 0.0554264579816, 0.0133420606354
193, 0.617101025152, 0.114094458134, 0.0179356368931, 0.0643948320304, 0.024358221137, 0.0406462916257, 0.040064192624, 0.0436697416471, 0.0179645110798, 0.0197710896769
194, 0.17721449719, 0.087819110081, 0.315240978991, 0.0439869269619, 0.0829524113997, 0.100516871313, 0.0266957787044, 0.0275880192037, 0.111154646623, 0.026830759531
195, 0.361023581103, 0.127547526801, 0.0391588861375, 0.0695910591053, 0.0435627599895, 0.0779350614912, 0.0681605050196, 0.107489778706, 0.0416602195799, 0.0638706220675
196, 0.207638712614, 0.0736407085947, 0.427637517345, 0.0285459323464, 0.0641427794685, 0.104484234812, 0.0236090658209, 0.0160488400847, 0.0441469765285, 0.010105232386
197, 0.151087953535, 0.301620534368, 0.239061001515, 0.0557179003548, 0.0349138324968, 0.0802842377977, 0.0192686864486, 0.0342685726835, 0.05917497324, 0.0246023075603
198, 0.713692266985, 0.0862688346638, 0.0207878886666, 0.0160429756782, 0.0185413355767, 0.013995502864, 0.0311527406385, 0.0411640750103, 0.00436567867692, 0.0539887012403
199, 0.425963246466, 0.176478237066, 0.0699793157746, 0.0715185417212, 0.0347801070319, 0.0773838062244, 0.0444822116434, 0.0375046509897, 0.0102583617962, 0.0516515212865
200, 0.505447588936, 0.113337774286, 0.0282963364962, 0.0697278794247, 0.0616903491154, 0.0637550221792, 0.0360573214762, 0.0976406418548, 0.00574571664492, 0.0183013695862
201, 0.40584360584, 0.353113039113, 0.024374469909, 0.0539209052056, 0.0210628232637, 0.0466766205832, 0.0438136061465, 0.0207743407186, 0.0189192772552, 0.0115013119654
202, 0.530368252757, 0.132220305835, 0.089351481841, 0.0128547101811, 0.0824959157864, 0.0602127448529, 0.0263486313187, 0.0352386922006, 0.0161800149099, 0.0147292503178
203, 0.292962844108, 0.122626217545, 0.0369940342128, 0.151532326125, 0.0653412554253, 0.0623207936514, 0.0988475336059, 0.0845228037953, 0.032815343375, 0.0520368481559
204, 0.832409543428, 0.091485126475, 0.0147925047788, 0.00564366980691, 0.0165945879027, 0.00578822162394, 0.00977439247754, 0.0116391152679, 0.0041218435911, 0.00775099464815
205, 0.246364578864, 0.191822918648, 0.164539403176, 0.0895391542792, 0.0426412662198, 0.122070225653, 0.035364959037, 0.0299556836265, 0.0452558772645, 0.0324459332316
206, 0.485514449589, 0.160119928505, 0.0339262752808, 0.0989233131506, 0.0277533028145, 0.0742309814117, 0.0456212064123, 0.0422905944947, 0.0113300737446, 0.0202898745974
207, 0.192359631693, 0.152736709915, 0.204147732179, 0.0465656165645, 0.0830487158203, 0.191735518704, 0.0284044601062, 0.0345306952973, 0.0550561952931, 0.0114147244283
208, 0.591676366315, 0.0804566287015, 0.0217641569762, 0.145187346305, 0.0349808566765, 0.0321224324578, 0.0313467282948, 0.0266249410696, 0.00515576358628, 0.030684779617
209, 0.251687444537, 0.260161639803, 0.10722687603, 0.0792937720886, 0.0604467627335, 0.104981632481, 0.0366639302902, 0.0259862778001, 0.0368724004541, 0.0366792637817
210, 0.190716827044, 0.0855777845704, 0.331863750963, 0.0568272687686, 0.081378419541, 0.144867357167, 0.0356374520103, 0.0187659518248, 0.0395277516113, 0.0148374365001
211, 0.45522498577, 0.158123537452, 0.0285486642, 0.135201494616, 0.022463472477, 0.0636562114638, 0.0402812646304, 0.0559772608664, 0.0131244978188, 0.0273986107049
212, 0.289525879688, 0.158472268425, 0.0942621360192, 0.129703534505, 0.0736413432305, 0.113626587301, 0.04297243124, 0.0210814456276, 0.0440315996901, 0.0326827742732
213, 0.67115326609, 0.104450228361, 0.0212242729599, 0.0365738283307, 0.0354892455295, 0.0342709328814, 0.0279518581214, 0.0312672904834, 0.00541617640498, 0.0322029008371
214, 0.639162552569, 0.137807239305, 0.0252496106234, 0.0577414469491, 0.0158604999025, 0.0435867698789, 0.027514993519, 0.0197680741887, 0.00940069894501, 0.0239081141201
215, 0.84867193956, 0.0635856884106, 0.0145981177772, 0.00568646187938, 0.0186638185126, 0.00666249376762, 0.0140182472322, 0.0170541518626, 0.00300369152504, 0.00805538947268
216, 0.403499792606, 0.18907031467, 0.0350784631121, 0.0889225483909, 0.0362926207202, 0.0906699046144, 0.0400422907297, 0.0594143223017, 0.0246112104975, 0.0323985323579
217, 0.505021921375, 0.112626942191, 0.0392446923794, 0.0759040382683, 0.0446472235607, 0.0551009122757, 0.0327533798013, 0.063351280599, 0.0118520629834, 0.0594975465664
218, 0.780383426442, 0.112081207029, 0.0274051167731, 0.00598123543736, 0.0212163429553, 0.00807523000381, 0.0125282277583, 0.0165008365511, 0.00755603193408, 0.00827234511638
219, 0.33724363777, 0.161593735192, 0.151998860871, 0.105216521559, 0.0402432295312, 0.101455453067, 0.0333588228181, 0.0304460797756, 0.0138517947209, 0.0245918646949
220, 0.497747752924, 0.207620434122, 0.0237643710924, 0.0853129515635, 0.0230366443397, 0.067589863303, 0.0348431602657, 0.0253041050471, 0.0129548939299, 0.0218258234128
221, 0.396397673659, 0.100726562635, 0.10457175998, 0.0198160228422, 0.13096145484, 0.11756385946, 0.0208931135612, 0.082861711361, 0.0139321813628, 0.0122756602999
222, 0.718100246373, 0.0622367402694, 0.0414720527861, 0.00651923983192, 0.0460837925373, 0.0140387949568, 0.0120566268896, 0.083380879497, 0.00642181856201, 0.00968980829719
223, 0.848509549807, 0.0532911534377, 0.0179849752873, 0.00595211794229, 0.0192037877066, 0.0149963114254, 0.0126744945996, 0.0155578944498, 0.00323901128773, 0.00859070405645
224, 0.558232680395, 0.16601600464, 0.0272228994452, 0.0325961197688, 0.0497745333491, 0.0511069909943, 0.0332955497064, 0.0636610218838, 0.00508323645293, 0.0130109633639
225, 0.428694522442, 0.218798044903, 0.0243956941956, 0.178224769728, 0.0164285870956, 0.0406225798414, 0.0288131800717, 0.0172214284951, 0.0163598469821, 0.0304413462458
226, 0.223254374608, 0.270822036445, 0.11000306908, 0.0927961348754, 0.0504698962727, 0.112229723012, 0.0347080028014, 0.0328205354995, 0.0391758015977, 0.0337204258092
227, 0.829189202943, 0.0613946456157, 0.0261626013047, 0.00618918608243, 0.0268409338157, 0.0119905632641, 0.0102379976536, 0.0174709828766, 0.0027755307506, 0.00774835569311
228, 0.204127682398, 0.198273701082, 0.230012277013, 0.056437386218, 0.0602911997662, 0.117351422986, 0.025194249607, 0.0320747458052, 0.0605630855811, 0.0156742495425
229, 0.178583900872, 0.119824600678, 0.324762738515, 0.0494570132889, 0.0613607053188, 0.13304755377, 0.0300511151439, 0.0348093561918, 0.0524956363783, 0.0156073798425
230, 0.834350622651, 0.0683164841575, 0.0152289674754, 0.00555776424289, 0.026392000794, 0.0073366289648, 0.0183411019343, 0.012470884152, 0.00465118701509, 0.00735435861257
231, 0.466147093607, 0.170467215005, 0.0617376451034, 0.081189438243, 0.0437312821566, 0.0640515873966, 0.0494884404008, 0.0328040161761, 0.00881521765514, 0.021568064256
232, 0.268622064742, 0.0949971446772, 0.10065515214, 0.0797882459358, 0.0711239096921, 0.122371011632, 0.0350843411339, 0.126484499242, 0.051161619495, 0.0497120113099
233, 0.596081768125, 0.11215672207, 0.0295962360056, 0.0149892105526, 0.0887740613724, 0.0458585848887, 0.0370609104702, 0.0402980043901, 0.014394152651, 0.0207903494744
